1
3
5
6
7
9
10
11
13
14
15
17
19
20
22
23
24
25
26
27
28
30
33
34
38
40
42
44
46
48
49
51
52
55
57
60
61
62
64
67
72
73
74
75
76
77
79
80
83
84
85
86
87
88
89
95
96
97
98
100
101
103
104
105
106
107
108
109
110
113
115
117
118
119
121
122
125
126
128
134
138
141
142
143
145
146
147
149
150
154
155
157
158
159
160
162
163
164
165
169
171
172
173
174
175
176
177
178
180
181
183
185
186
187
188
189
193
194
195
196
197
198
199
200
201
202
205
206
207
208
209
211
213
214
215
216
217
219
220
222
223
224
226
232
233
236
238
240
241
242
243
245
246
248
249
251
253
255
257
261
262
264
265
266
267
268
269
270
275
276
277
278
281
283
284
287
288
289
291
292
293
295
297
301
304
305
306
312
313
315
318
319
321
323
324
326
327
329
330
331
333
336
338
339
340
341
343
346
348
349
351
352
353
358
359
360
362
363
364
365
367
368
369
370
371
372
373
375
376
378
380
382
383
384
385
386
387
389
390
391
392
395
396
398
399
400
401
403
405
406
407
409
411
412
413
414
416
417
418
419
421
422
423
424
425
426
427
429
431
432
434
438
439
440
441
443
445
446
447
449
451
452
456
457
458
462
463
466
467
468
469
470
471
475
476
481
484
485
486
487
488
490
492
493
494
496
499
500
504
507
508
510
511
514
516
518
520
523
524
527
528
530
532
534
539
542
543
544
545
547
548
549
552
553
555
557
559
561
562
563
565
567
568
569
570
571
572
573
575
576
577
578
580
582
583
584
585
587
588
589
591
599
600
604
605
607
609
612
614
615
616
617
618
619
620
621
622
623
625
629
630
631
632
633
635
636
637
640
642
644
645
646
647
649
650
655
661
662
663
664
666
668
672
673
675
676
677
679
681
684
685
686
687
690
691
693
694
695
697
699
701
702
704
705
706
707
709
711
712
713
715
716
725
726
727
728
729
731
732
734
739
741
744
746
747
748
749
753
755
759
760
761
763
765
766
768
770
772
777
778
779
780
781
783
785
787
790
792
793
795
799
800
804
805
806
807
809
810
811
814
815
816
817
818
820
821
822
823
824
825
827
829
831
832
833
834
836
839
841
842
843
844
845
846
849
850
851
854
855
856
857
858
863
864
869
870
873
879
880
881
882
884
886
888
889
890
891
892
894
895
897
900
901
903
904
905
906
907
908
909
910
911
912
913
916
917
920
923
924
926
928
929
930
933
935
936
937
939
940
941
943
946
949
954
955
957
958
959
962
964
965
967
968
970
971
975
977
978
979
983
984
986
988
989
990
992
995
996
997
998
1001
1002
1003
1007
1008
1011
1014
1015
1016
1018
1019
1020
1021
1022
1023
1024
1025
1030
1031
1036
1037
1038
1039
1042
1043
1045
1047
1048
1051
1055
1056
1058
1061
1062
1063
1067
1070
1071
1073
1076
1077
1078
1079
1082
1084
1085
1086
1087
1090
1091
1092
1095
1096
1097
1098
1099
1100
1103
1104
1105
1107
1108
1109
1110
1121
1122
1123
1124
1127
1128
1129
1130
1132
1133
1134
1135
1136
1137
1139
1140
1141
1142
1143
1144
1145
1146
1148
1149
1153
1154
1155
1157
1158
1160
1161
1163
1164
1165
1166
1167
1168
1169
1170
1172
1173
1174
1176
1177
1181
1182
1183
1184
1185
1186
1187
1190
1191
1192
1193
1194
1195
1196
1198
1199
1205
1206
1208
1210
1211
1213
1216
1219
1220
1222
1223
1224
1225
1226
1227
1229
1231
1233
1234
1235
1239
1240
1242
1243
1244
1249
1251
1252
1253
1254
1255
1257
1258
1259
1260
1261
1263
1264
1265
1266
1267
1268
1270
1271
1273
1275
1276
1277
1279
1280
1281
1282
1283
1285
1287
1289
1290
1297
1298
1299
1301
1302
1303
1304
1307
1309
1311
1312
1313
1314
1315
1316
1317
1318
1319
1320
1321
1322
1323
1325
1326
1327
1328
1330
1331
1332
1333
1334
1335
1336
1341
1345
1347
1348
1349
1355
1356
1357
1358
1360
1362
1365
1366
1369
1372
1374
1375
1376
1377
1379
1382
1383
1386
1387
1389
1390
1391
1392
1394
1395
1396
1397
1399
1401
1402
1403
1406
1407
1408
1409
1410
1412
1414
1417
1418
1419
1422
1423
1424
1425
1427
1428
1429
1434
1435
1436
1437
1439
1440
1441
1442
1443
1444
1445
1446
1447
1448
1452
1454
1457
1459
1460
1461
1462
1463
1465
1467
1470
1471
1472
1473
1475
1476
1478
1479
1480
1481
1482
1483
1484
1485
1487
1488
1489
1492
1493
1494
1495
1497
1499
1500
1501
1504
1505
1507
1508
1513
1515
1516
1517
1519
1522
1523
1525
1529
1534
1535
1536
1539
1542
1544
1546
1549
1550
1552
1553
1554
1555
1557
1561
1563
1567
1568
1571
1572
1573
1574
1575
1576
1577
1578
1579
1580
1581
1582
1583
1584
1585
1586
1587
1589
1590
1594
1595
1596
1597
1602
1604
1605
1607
1609
1610
1611
1612
1613
1615
1616
1617
1619
1623
1625
1626
1627
1628
1629
1631
1632
1634
1635
1636
1637
1638
1639
1640
1644
1646
1650
1651
1652
1653
1656
1657
1658
1660
1661
1662
1663
1664
1665
1667
1668
1669
1670
1672
1673
1674
1677
1678
1679
1681
1682
1683
1684
1686
1688
1689
1690
1691
1694
1698
1699
1701
1702
1705
1706
1707
1708
1709
1710
1711
1712
1714
1715
1717
1718
1719
1720
1722
1723
1729
1730
1731
1734
1735
1736
1738
1740
1741
1743
1744
1748
1749
1751
1752
1753
1755
1758
1762
1763
1764
1765
1768
1769
1772
1773
1774
1776
1778
1779
1781
1786
1790
1791
1792
1794
1797
1798
1800
1801
1802
1804
1805
1806
1808
1810
1814
1815
1816
1817
1818
1819
1820
1821
1822
1823
1827
1828
1830
1831
1832
1833
1834
1835
1836
1837
1839
1841
1842
1843
1847
1848
1849
1850
1851
1852
1853
1855
1857
1860
1861
1866
1867
1870
1871
1872
1877
1878
1879
1880
1882
1886
1887
1888
1889
1891
1892
1893
1895
1896
1897
1898
1899
1900
1901
1902
1903
1904
1906
1907
1909
1910
1915
1916
1917
1918
1920
1921
1922
1923
1924
1926
1927
1928
1929
1930
1931
1932
1933
1934
1936
1937
1938
1940
1943
1946
1947
1948
1949
1950
1951
1955
1956
1957
1959
1961
1962
1963
1964
1965
1966
1968
1969
1970
1971
1973
1974
1975
1976
1978
1982
1983
1984
1985
1987
1989
1995
1997
1998
2000
2004
2005
2006
2007
2008
2009
2010
2011
2012
2013
2014
2017
2019
2020
2023
2027
2028
2030
2031
2032
2033
2034
2035
2036
2037
2039
2041
2042
2047
2048
2049
2051
2052
2054
2057
2058
2059
2060
2063
2064
2065
2066
2067
2068
2069
2070
2072
2073
2074
2075
2077
2078
2079
2080
2082
2085
2087
2090
2092
2093
2094
2095
2096
2100
2102
2105
2106
2109
2111
2112
2113
2115
2116
2118
2122
2123
2124
2126
2127
2129
2130
2131
2132
2133
2134
2135
2136
2138
2139
2142
2143
2144
2145
2146
2148
2150
2151
2152
2153
2158
2159
2161
2162
2164
2165
2166
2167
2169
2173
2174
2175
2176
2177
2178
2179
2180
2182
2183
2184
2185
2186
2187
2188
2189
2191
2192
2196
2197
2200
2202
2203
2206
2209
2211
2212
2213
2216
2218
2221
2222
2226
2227
2228
2229
2231
2232
2233
2236
2237
2240
2241
2243
2244
2245
2246
2247
2248
2249
2251
2252
2256
2260
2262
2264
2265
2266
2267
2268
2269
2270
2271
2272
2273
2275
2276
2277
2280
2281
2282
2287
2288
2289
2290
2291
2293
2295
2299
2300
2301
2303
2304
2306
2307
2308
2309
2310
2311
2312
2314
2315
2318
2319
2320
2321
2325
2327
2328
2329
2330
2331
2332
2335
2336
2338
2340
2341
2344
2345
2346
2350
2352
2353
2354
2355
2357
2358
2360
2362
2363
2364
2365
2366
2367
2368
2369
2370
2372
2374
2376
2378
2380
2381
2382
2385
2386
2387
2389
2391
2392
2394
2396
2398
2400
2401
2402
2404
2405
2407
2408
2410
2411
2412
2413
2414
2415
2416
2422
2423
2424
2426
2427
2429
2431
2434
2436
2437
2438
2440
2443
2444
2445
2446
2447
2448
2451
2452
2454
2456
2458
2459
2462
2463
2464
2465
2466
2467
2468
2469
2470
2471
2472
2474
2476
2477
2479
2480
2481
2483
2484
2485
2486
2487
2489
2490
2491
2492
2493
2495
2496
2499
2500
2501
2502
2503
2504
2505
2506
2507
2508
2509
2511
2512
2514
2515
2516
2518
2521
2525
2526
2527
2528
2529
2530
2531
2532
2533
2535
2536
2539
2540
2541
2543
2546
2547
2548
2549
2550
2553
2554
2557
2559
2561
2562
2563
2564
2566
2567
2570
2571
2573
2575
2581
2582
2583
2587
2588
2591
2592
2593
2595
2596
2598
2600
2601
2602
2603
2606
2607
2608
2609
2610
2613
2614
2615
2616
2622
2626
2628
2630
2631
2637
2639
2641
2643
2647
2649
2650
2653
2654
2655
2657
2658
2659
2662
2663
2664
2668
2669
2670
2671
2673
2674
2675
2676
2677
2678
2680
2681
2683
2684
2686
2687
2690
2693
2694
2695
2697
2698
2699
2700
2701
2702
2703
2705
2706
2707
2708
2709
2710
2714
2715
2718
2719
2721
2722
2723
2726
2731
2732
2735
2736
2740
2741
2742
2744
2745
2748
2749
2751
2752
2756
2759
2762
2764
2765
2768
2769
2770
2772
2773
2776
2777
2778
2780
2781
2782
2783
2784
2785
2786
2787
2788
2789
2791
2792
2794
2800
2801
2806
2807
2808
2809
2810
2812
2814
2816
2817
2818
2821
2822
2823
2824
2825
2826
2827
2828
2829
2831
2832
2833
2836
2837
2838
2839
2841
2850
2852
2853
2856
2860
2862
2864
2866
2868
2871
2872
2873
2874
2877
2878
2879
2880
2882
2884
2885
2886
2888
2889
2894
2896
2897
2898
2899
2900
2901
2902
2903
2907
2908
2912
2915
2916
2919
2921
2922
2928
2929
2930
2931
2933
2934
2937
2938
2939
2940
2941
2947
2948
2949
2951
2953
2954
2959
2960
2963
2964
2968
2969
2974
2975
2977
2982
2983
2984
2986
2987
2989
2992
2995
2996
2998
2999
3000
3001
3002
3003
3006
3007
3008
3009
3010
3016
3017
3018
3019
3020
3022
3023
3024
3026
3028
3030
3033
3034
3035
3036
3039
3040
3043
3044
3045
3046
3047
3048
3049
3050
3053
3055
3056
3057
3058
3059
3060
3061
3063
3065
3067
3070
3071
3073
3074
3075
3076
3078
3080
3082
3084
3089
3091
3093
3095
3096
3097
3098
3102
3103
3108
3110
3113
3115
3116
3118
3120
3121
3122
3123
3124
3125
3126
3131
3132
3133
3134
3135
3137
3138
3140
3141
3143
3144
3145
3146
3148
3149
3150
3151
3152
3155
3156
3158
3160
3161
3163
3164
3165
3166
3168
3170
3171
3172
3173
3175
3177
3178
3180
3181
3182
3183
3188
3190
3191
3192
3193
3194
3195
3198
3200
3202
3204
3206
3208
3212
3213
3214
3215
3217
3221
3222
3223
3228
3230
3231
3232
3233
3240
3241
3242
3243
3244
3245
3247
3248
3250
3252
3254
3257
3258
3263
3264
3267
3268
3273
3274
3277
3281
3282
3284
3285
3287
3288
3292
3294
3298
3300
3301
3303
3304
3305
3307
3312
3313
3315
3317
3319
3323
3324
3325
3331
3332
3339
3342
3343
3344
3346
3348
3349
3351
3352
3353
3355
3357
3358
3359
3360
3361
3364
3365
3366
3367
3368
3370
3371
3372
3373
3375
3376
3378
3380
3381
3382
3383
3384
3387
3388
3390
3391
3393
3395
3399
3400
3402
3403
3404
3406
3407
3408
3409
3410
3414
3415
3419
3421
3422
3423
3424
3425
3426
3427
3428
3430
3431
3433
3434
3435
3437
3438
3440
3441
3442
3443
3444
3446
3447
3448
3449
3451
3454
3455
3458
3463
3464
3466
3467
3471
3474
3475
3477
3478
3480
3481
3483
3485
3486
3488
3489
3490
3492
3493
3494
3496
3499
3501
3502
3503
3506
3508
3509
3510
3512
3513
3517
3519
3523
3524
3526
3527
3528
3529
3532
3533
3534
3535
3538
3539
3540
3541
3542
3543
3545
3549
3550
3551
3553
3554
3556
3557
3558
3561
3562
3563
3564
3565
3566
3567
3569
3571
3573
3575
3576
3579
3582
3584
3585
3586
3587
3589
3591
3592
3593
3594
3596
3597
3598
3601
3602
3604
3605
3606
3607
3608
3609
3610
3611
3614
3616
3619
3621
3622
3623
3626
3627
3628
3629
3631
3632
3633
3634
3635
3636
3638
3639
3640
3641
3642
3643
3646
3647
3648
3649
3650
3652
3654
3655
3656
3658
3659
3660
3661
3663
3664
3665
3666
3667
3669
3672
3675
3676
3677
3679
3681
3683
3684
3685
3687
3689
3690
3691
3692
3693
3696
3697
3699
3702
3703
3704
3708
3710
3716
3717
3718
3719
3721
3722
3727
3728
3729
3731
3732
3733
3734
3736
3737
3740
3741
3742
3744
3747
3749
3751
3753
3754
3757
3760
3761
3763
3764
3765
3768
3769
3770
3774
3775
3776
3785
3787
3789
3791
3792
3794
3795
3796
3798
3799
3800
3802
3803
3804
3805
3809
3812
3814
3815
3816
3817
3818
3819
3820
3825
3826
3827
3828
3829
3830
3831
3832
3834
3835
3837
3840
3844
3845
3846
3847
3848
3849
3850
3851
3852
3858
3862
3863
3864
3865
3866
3867
3869
3871
3872
3874
3878
3881
3883
3884
3885
3887
3889
3890
3892
3895
3896
3897
3898
3899
3902
3903
3906
3907
3912
3915
3916
3917
3919
3920
3921
3922
3923
3924
3927
3928
3929
3930
3931
3932
3933
3934
3935
3936
3938
3939
3942
3943
3944
3949
3950
3951
3952
3953
3954
3955
3956
3957
3961
3963
3965
3966
3969
3970
3971
3973
3974
3975
3979
3981
3982
3983
3986
3991
3992
3993
3996
3997
3999
4001
4005
4006
4008
4009
4010
4011
4012
4017
4018
4020
4021
4022
4023
4025
4026
4028
4029
4030
4031
4032
4034
4035
4037
4038
4039
4040
4043
4045
4046
4047
4049
4050
4051
4052
4054
4056
4058
4059
4062
4063
4064
4065
4066
4067
4073
4074
4076
4077
4078
4079
4081
4082
4083
4084
4085
4087
4091
4092
4093
4096
4097
4098
4099
4100
4101
4104
4105
4107
4108
4109
4110
4111
4114
4115
4116
4118
4120
4122
4123
4124
4125
4127
4128
4130
4131
4132
4134
4136
4137
4138
4141
4142
4143
4145
4147
4148
4153
4155
4156
4157
4160
4161
4162
4164
4166
4167
4168
4170
4171
4174
4176
4177
4180
4181
4183
4184
4186
4187
4188
4189
4190
4191
4192
4193
4196
4197
4198
4199
4200
4201
4202
4204
4207
4211
4212
4214
4215
4217
4218
4220
4223
4224
4226
4227
4229
4230
4231
4235
4236
4238
4239
4240
4241
4244
4245
4247
4248
4250
4251
4252
4253
4254
4255
4256
4258
4260
4263
4264
4265
4268
4270
4271
4272
4275
4276
4277
4279
4280
4283
4284
4286
4287
4288
4289
4291
4293
4295
4296
4298
4300
4302
4303
4304
4305
4306
4308
4309
4312
4315
4316
4317
4318
4319
4327
4330
4334
4335
4336
4340
4341
4342
4343
4345
4346
4347
4349
4353
4354
4357
4361
4362
4363
4364
4365
4368
4369
4371
4375
4376
4377
4383
4385
4386
4387
4392
4393
4394
4397
4399
4400
4402
4404
4405
4406
4408
4409
4411
4413
4414
4417
4418
4419
4420
4421
4423
4424
4425
4426
4428
4432
4435
4439
4440
4442
4446
4447
4449
4450
4451
4452
4453
4454
4455
4456
4457
4458
4459
4460
4461
4462
4464
4466
4468
4469
4470
4471
4472
4473
4475
4477
4478
4479
4480
4481
4482
4484
4485
4486
4487
4488
4490
4492
4494
4497
4503
4505
4507
4511
4513
4514
4519
4520
4522
4523
4524
4525
4527
4528
4530
4533
4534
4536
4537
4541
4543
4544
4545
4547
4548
4551
4555
4557
4558
4560
4562
4564
4566
4568
4570
4575
4576
4577
4580
4581
4584
4585
4586
4587
4588
4590
4593
4595
4596
4597
4598
4599
4600
4602
4603
4605
4606
4607
4608
4609
4614
4615
4620
4621
4622
4627
4628
4629
4630
4633
4634
4635
4636
4637
4638
4639
4642
4643
4644
4648
4649
4650
4651
4652
4654
4655
4658
4661
4662
4663
4665
4666
4667
4668
4669
4671
4674
4677
4678
4680
4682
4683
4684
4688
4695
4696
4697
4698
4699
4700
4701
4707
4708
4709
4710
4711
4714
4716
4717
4718
4719
4720
4722
4723
4724
4725
4727
4730
4731
4732
4734
4735
4738
4739
4740
4745
4746
4747
4749
4750
4751
4755
4757
4758
4759
4760
4761
4762
4763
4765
4773
4776
4777
4780
4781
4782
4783
4787
4788
4789
4790
4791
4792
4795
4796
4797
4798
4799
4800
4801
4802
4803
4804
4806
4807
4808
4810
4812
4816
4817
4818
4819
4820
4821
4823
4825
4827
4828
4829
4830
4832
4833
4834
4835
4837
4838
4839
4840
4843
4844
4845
4846
4848
4850
4851
4856
4857
4862
4867
4868
4869
4872
4875
4876
4879
4881
4884
4885
4888
4890
4893
4895
4896
4897
4898
4899
4900
4901
4903
4906
4907
4909
4910
4911
4913
4916
4917
4919
4920
4921
4922
4924
4925
4926
4927
4932
4933
4934
4936
4937
4938
4939
4940
4941
4942
4943
4947
4948
4952
4955
4958
4960
4962
4965
4966
4967
4969
4973
4974
4977
4978
4980
4982
4983
4984
4985
4986
4987
4989
4990
4992
4993
4994
4995
4996
4997
4998
5001
5002
5003
5006
5007
5009
5010
5011
5013
5014
5015
5019
5020
5022
5023
5030
5032
5034
5035
5036
5037
5038
5040
5041
5043
5046
5048
5049
5050
5051
5054
5056
5057
5058
5059
5060
5061
5064
5066
5067
5068
5069
5070
5071
5072
5073
5075
5076
5078
5083
5084
5085
5086
5087
5088
5089
5090
5095
5096
5097
5098
5099
5101
5102
5103
5107
5109
5110
5112
5113
5114
5115
5116
5117
5119
5121
5123
5125
5126
5127
5129
5131
5132
5135
5136
5137
5138
5139
5141
5149
5153
5155
5157
5160
5161
5162
5163
5164
5166
5170
5171
5173
5175
5177
5179
5180
5181
5183
5186
5187
5189
5190
5191
5192
5193
5194
5196
5200
5201
5203
5204
5205
5206
5207
5208
5209
5211
5212
5213
5214
5216
5217
5218
5219
5220
5221
5222
5223
5224
5225
5227
5228
5231
5232
5239
5240
5241
5242
5244
5246
5249
5252
5253
5254
5257
5259
5261
5262
5263
5264
5265
5266
5270
5272
5273
5275
5277
5280
5281
5282
5284
5285
5286
5287
5288
5289
5291
5292
5293
5295
5296
5297
5298
5299
5301
5303
5304
5307
5308
5309
5312
5316
5318
5319
5322
5323
5325
5326
5327
5329
5330
5335
5339
5343
5344
5345
5346
5347
5348
5350
5351
5354
5355
5356
5357
5359
5360
5363
5364
5365
5371
5376
5378
5379
5381
5387
5388
5391
5394
5395
5398
5400
5401
5402
5403
5404
5407
5410
5411
5412
5415
5416
5420
5421
5422
5426
5427
5428
5429
5430
5431
5432
5433
5434
5436
5437
5439
5440
5442
5444
5445
5446
5447
5448
5449
5450
5452
5454
5455
5456
5457
5460
5462
5463
5465
5467
5468
5469
5470
5471
5473
5476
5478
5479
5480
5482
5483
5484
5487
5488
5489
5490
5492
5493
5494
5495
5496
5498
5502
5503
5505
5506
5508
5510
5511
5512
5515
5516
5517
5518
5520
5523
5526
5527
5528
5529
5534
5535
5537
5539
5540
5543
5546
5549
5550
5551
5552
5553
5554
5555
5557
5558
5559
5560
5563
5567
5569
5572
5576
5579
5580
5582
5583
5584
5585
5586
5590
5592
5594
5595
5600
5601
5603
5605
5606
5607
5611
5613
5614
5615
5617
5619
5620
5623
5624
5626
5627
5628
5629
5633
5636
5637
5638
5639
5641
5642
5646
5648
5650
5651
5655
5656
5657
5658
5659
5663
5666
5667
5670
5672
5674
5675
5678
5679
5680
5681
5682
5683
5684
5686
5688
5690
5691
5695
5700
5701
5702
5703
5704
5705
5706
5708
5711
5712
5713
5714
5715
5716
5717
5718
5720
5721
5722
5723
5724
5725
5727
5728
5729
5730
5732
5733
5734
5735
5738
5740
5741
5747
5748
5749
5750
5752
5753
5754
5755
5756
5758
5759
5760
5761
5763
5764
5767
5769
5770
5771
5774
5777
5778
5779
5780
5781
5782
5783
5784
5786
5787
5788
5790
5791
5792
5793
5794
5795
5797
5798
5801
5803
5806
5808
5810
5813
5814
5816
5817
5818
5821
5822
5825
5826
5828
5830
5832
5835
5836
5839
5841
5845
5847
5848
5849
5850
5852
5853
5855
5856
5857
5858
5859
5861
5862
5864
5865
5866
5867
5868
5869
5870
5871
5872
5873
5875
5876
5877
5878
5879
5881
5884
5886
5890
5892
5894
5895
5896
5900
5902
5903
5905
5906
5907
5908
5910
5913
5914
5915
5918
5919
5922
5924
5925
5926
5928
5931
5932
5933
5934
5936
5937
5941
5942
5943
5944
5945
5948
5949
5950
5951
5952
5953
5954
5956
5957
5958
5959
5960
5962
5965
5966
5967
5969
5970
5971
5972
5973
5974
5975
5977
5980
5981
5983
5984
5985
5986
5987
5995
5996
5997
5998
5999
6000
6001
6005
6006
6009
6010
6013
6014
6015
6016
6018
6019
6021
6025
6029
6030
6031
6032
6033
6034
6036
6037
6040
6042
6045
6046
6047
6049
6050
6052
6053
6054
6055
6056
6057
6058
6059
6060
6061
6064
6065
6066
6068
6071
6072
6074
6076
6077
6080
6082
6083
6084
6085
6086
6087
6089
6090
6091
6095
6096
6097
6099
6101
6103
6104
6105
6106
6108
6109
6113
6116
6117
6119
6121
6123
6124
6126
6127
6130
6133
6135
6136
6138
6139
6140
6142
6144
6145
6146
6147
6149
6153
6154
6155
6156
6157
6158
6159
6160
6162
6163
6165
6166
6167
6168
6169
6170
6171
6172
6173
6174
6175
6176
6178
6182
6183
6184
6187
6188
6189
6193
6195
6197
6198
6199
6200
6201
6202
6205
6206
6208
6209
6211
6212
6213
6216
6217
6220
6221
6222
6223
6224
6226
6228
6230
6232
6235
6237
6238
6239
6240
6242
6243
6246
6248
6249
6250
6251
6252
6253
6254
6255
6256
6257
6258
6263
6264
6265
6266
6267
6270
6273
6275
6277
6278
6279
6281
6285
6286
6288
6289
6290
6294
6295
6297
6298
6299
6300
6301
6302
6303
6304
6305
6306
6307
6308
6309
6312
6314
6316
6317
6318
6321
6322
6323
6325
6326
6329
6330
6331
6332
6334
6335
6336
6342
6343
6344
6345
6347
6351
6353
6356
6357
6358
6360
6361
6363
6364
6365
6366
6367
6368
6369
6371
6373
6374
6377
6378
6381
6388
6389
6390
6392
6393
6397
6401
6402
6409
6411
6412
6413
6415
6416
6417
6418
6419
6421
6423
6424
6425
6427
6428
6430
6431
6433
6434
6435
6438
6439
6440
6441
6443
6444
6446
6450
6454
6455
6456
6457
6462
6464
6465
6466
6468
6469
6470
6471
6474
6477
6478
6479
6481
6482
6483
6485
6489
6490
6493
6496
6500
6501
6502
6503
6504
6506
6508
6509
6510
6511
6512
6515
6517
6518
6519
6520
6521
6522
6523
6525
6528
6533
6534
6536
6538
6539
6540
6541
6542
6546
6547
6548
6550
6553
6554
6555
6556
6557
6558
6559
6560
6562
6563
6564
6565
6566
6569
6570
6571
6572
6573
6574
6577
6578
6580
6581
6584
6586
6587
6588
6592
6593
6595
6598
6600
6601
6605
6606
6607
6608
6612
6615
6620
6623
6624
6625
6626
6627
6628
6629
6634
6636
6637
6639
6640
6645
6648
6650
6651
6653
6658
6659
6660
6661
6667
6668
6671
6673
6674
6675
6677
6679
6680
6683
6684
6686
6687
6689
6690
6691
6692
6695
6698
6700
6702
6704
6705
6706
6708
6709
6710
6711
6713
6716
6719
6720
6721
6726
6731
6732
6733
6735
6736
6737
6739
6740
6741
6743
6744
6745
6746
6749
6752
6754
6755
6756
6757
6760
6761
6762
6763
6765
6767
6768
6770
6771
6773
6774
6777
6779
6780
6783
6784
6785
6786
6787
6789
6790
6793
6794
6798
6799
6800
6801
6802
6808
6809
6810
6811
6812
6813
6815
6820
6822
6825
6826
6834
6835
6838
6844
6845
6850
6852
6853
6854
6855
6857
6859
6860
6862
6863
6864
6866
6868
6869
6871
6873
6874
6878
6879
6880
6881
6883
6884
6887
6888
6889
6890
6893
6894
6895
6896
6898
6900
6902
6903
6904
6906
6910
6911
6912
6914
6915
6917
6918
6920
6921
6922
6925
6928
6930
6932
6933
6934
6937
6938
6939
6940
6941
6942
6943
6944
6947
6948
6950
6951
6952
6953
6954
6956
6959
6961
6963
6964
6965
6967
6968
6970
6971
6972
6973
6974
6976
6981
6983
6985
6987
6989
6990
6991
6992
6993
6995
6996
6997
6999
7002
7003
7004
7005
7006
7007
7008
7009
7010
7011
7015
7018
7019
7022
7023
7024
7026
7027
7028
7029
7030
7032
7033
7034
7036
7038
7039
7040
7041
7042
7043
7047
7048
7049
7053
7056
7058
7059
7060
7061
7062
7064
7065
7066
7067
7068
7070
7071
7072
7073
7074
7076
7077
7078
7079
7080
7081
7083
7084
7085
7086
7087
7092
7094
7096
7097
7098
7099
7101
7102
7105
7106
7108
7109
7110
7112
7113
7114
7115
7118
7119
7121
7122
7123
7124
7125
7127
7128
7130
7132
7133
7134
7138
7140
7141
7142
7143
7144
7146
7148
7149
7150
7152
7153
7155
7158
7159
7162
7163
7164
7166
7168
7170
7173
7174
7175
7176
7177
7178
7180
7184
7185
7188
7189
7190
7191
7192
7193
7194
7195
7196
7200
7204
7205
7206
7208
7209
7212
7215
7217
7218
7219
7221
7222
7224
7225
7227
7228
7229
7230
7232
7233
7234
7235
7236
7238
7239
7240
7241
7244
7249
7250
7251
7253
7255
7256
7259
7261
7262
7264
7265
7271
7275
7280
7282
7284
7286
7287
7288
7289
7291
7293
7294
7297
7299
7301
7303
7304
7306
7307
7308
7311
7313
7318
7319
7320
7321
7322
7323
7324
7325
7327
7328
7329
7330
7333
7335
7337
7338
7340
7343
7344
7348
7349
7350
7355
7356
7357
7358
7359
7360
7361
7362
7363
7364
7365
7366
7368
7370
7371
7373
7376
7377
7378
7379
7380
7381
7382
7383
7387
7388
7389
7390
7391
7392
7393
7396
7397
7399
7400
7401
7402
7404
7405
7408
7409
7410
7412
7413
7414
7415
7416
7417
7419
7422
7424
7425
7428
7429
7430
7431
7432
7434
7436
7437
7439
7442
7443
7444
7445
7446
7448
7450
7451
7452
7453
7456
7458
7460
7461
7462
7465
7467
7468
7469
7470
7473
7474
7476
7478
7480
7481
7482
7485
7490
7492
7493
7494
7496
7499
7500
7502
7504
7506
7507
7508
7509
7510
7511
7514
7515
7517
7518
7520
7521
7522
7523
7525
7526
7528
7529
7530
7531
7532
7533
7534
7538
7539
7541
7542
7543
7544
7545
7546
7547
7548
7550
7552
7553
7554
7555
7556
7559
7562
7565
7566
7567
7571
7573
7574
7575
7578
7579
7580
7581
7582
7583
7584
7585
7587
7588
7589
7590
7591
7594
7597
7598
7599
