2
5
7
8
9
10
12
13
18
19
20
21
22
23
24
26
27
28
30
31
37
39
40
42
43
48
49
51
52
56
57
59
62
63
64
66
67
70
72
73
76
78
82
84
88
89
90
93
94
97
98
99
100
101
102
103
104
110
111
114
115
116
117
118
119
121
122
124
125
128
129
131
134
135
136
138
139
140
141
142
143
145
146
147
148
149
150
151
152
153
154
155
158
160
161
162
163
164
165
168
169
170
171
172
174
175
176
177
181
182
183
184
185
186
187
190
191
192
193
194
195
196
197
202
203
204
205
207
208
209
210
211
212
214
215
216
217
218
220
223
224
225
226
227
229
230
231
233
234
238
239
241
243
244
249
252
253
255
259
261
262
265
267
268
270
271
272
273
275
276
277
278
280
283
284
285
288
290
291
293
298
299
302
303
305
306
307
308
309
310
311
312
315
316
318
319
320
321
323
324
325
326
327
328
329
330
332
336
338
339
342
343
345
346
347
348
349
350
351
352
356
357
358
360
361
363
364
365
366
369
370
371
372
373
375
379
381
383
384
385
386
387
388
390
391
392
393
394
396
397
398
399
400
403
410
411
415
416
417
418
420
421
422
424
425
426
427
428
430
431
432
433
434
436
437
438
439
441
444
445
446
449
450
451
452
454
455
456
457
460
461
464
465
468
470
471
472
474
477
478
479
480
481
482
483
484
485
487
488
489
490
491
494
495
497
499
502
503
504
505
506
507
508
510
511
512
513
515
516
518
519
522
523
525
527
528
531
533
535
537
540
541
544
545
546
547
548
549
550
551
553
555
559
560
561
563
564
565
567
568
570
571
572
573
575
576
577
578
580
581
583
585
589
591
592
595
598
600
601
602
604
605
606
608
610
611
612
613
615
616
617
620
623
624
625
626
628
629
630
632
635
636
638
640
641
642
643
644
646
648
649
650
653
654
655
656
658
659
660
661
662
663
664
667
668
673
674
675
676
678
679
680
681
682
683
684
685
691
692
693
694
697
699
700
701
703
704
705
706
709
710
712
717
718
720
721
722
723
724
725
726
728
729
730
731
732
733
735
737
739
740
743
745
746
747
748
750
751
752
754
755
756
757
758
760
761
762
763
764
765
766
768
769
770
772
773
775
777
780
782
783
785
789
790
793
795
796
797
798
802
803
805
807
808
809
810
812
813
815
817
820
822
825
826
827
828
829
832
836
837
838
839
843
844
845
846
847
848
849
851
853
854
856
857
860
861
863
864
865
869
870
872
873
874
875
877
882
883
884
885
886
887
888
890
891
893
895
896
897
903
904
905
908
910
911
913
915
917
918
921
924
927
931
934
935
937
939
940
941
942
943
944
945
946
947
948
949
950
952
954
955
956
961
962
963
964
965
966
967
968
969
970
973
976
978
982
983
986
987
989
990
994
995
998
999
1002
1003
1005
1006
1007
1008
1009
1011
1012
1014
1015
1016
1017
1018
1020
1022
1023
1024
1025
1026
1027
1028
1029
1030
1033
1034
1035
1037
1040
1041
1043
1044
1045
1046
1049
1050
1052
1053
1057
1058
1059
1060
1063
1068
1071
1072
1079
1080
1081
1083
1085
1086
1087
1090
1091
1092
1094
1096
1097
1099
1101
1102
1104
1107
1108
1109
1111
1113
1118
1120
1123
1124
1126
1127
1128
1129
1131
1132
1134
1135
1138
1139
1140
1141
1143
1145
1147
1150
1151
1156
1157
1158
1159
1160
1161
1162
1165
1166
1167
1168
1169
1173
1174
1176
1177
1178
1179
1182
1183
1185
1188
1190
1191
1193
1195
1196
1197
1203
1204
1207
1209
1214
1215
1216
1221
1222
1223
1225
1226
1227
1228
1229
1230
1231
1233
1236
1237
1238
1239
1240
1241
1242
1243
1245
1246
1247
1248
1250
1251
1252
1254
1256
1258
1259
1260
1262
1264
1266
1267
1268
1269
1270
1271
1272
1273
1274
1275
1276
1277
1278
1279
1280
1282
1283
1284
1285
1287
1288
1289
1292
1293
1298
1301
1302
1304
1305
1307
1308
1310
1311
1312
1314
1315
1316
1317
1318
1320
1321
1324
1326
1327
1328
1329
1330
1331
1332
1333
1335
1336
1337
1340
1341
1344
1345
1348
1351
1355
1356
1358
1361
1365
1366
1367
1370
1372
1375
1378
1380
1382
1383
1385
1386
1387
1390
1391
1393
1397
1398
1400
1401
1402
1406
1408
1409
1411
1413
1414
1417
1418
1420
1421
1425
1427
1429
1434
1439
1440
1441
1442
1443
1444
1450
1451
1453
1454
1456
1458
1463
1464
1465
1466
1468
1470
1471
1473
1474
1478
1479
1480
1483
1484
1485
1487
1492
1494
1495
1497
1500
1502
1503
1504
1505
1506
1507
1508
1510
1511
1512
1513
1515
1517
1518
1519
1521
1523
1524
1525
1527
1531
1532
1533
1534
1535
1537
1541
1542
1543
1545
1546
1547
1551
1552
1556
1558
1559
1565
1566
1568
1571
1572
1576
1578
1580
1582
1584
1587
1588
1589
1591
1592
1593
1599
1601
1602
1604
1605
1607
1608
1609
1610
1612
1613
1614
1615
1616
1617
1619
1622
1624
1625
1626
1628
1631
1633
1634
1635
1636
1637
1638
1641
1642
1645
1646
1647
1648
1652
1653
1654
1659
1661
1663
1664
1665
1666
1667
1668
1669
1670
1673
1674
1675
1677
1680
1681
1682
1686
1687
1688
1692
1693
1694
1696
1697
1698
1699
1700
1701
1702
1707
1708
1709
1710
1711
1714
1717
1719
1720
1721
1723
1724
1725
1727
1729
1733
1734
1735
1736
1737
1740
1744
1745
1746
1747
1751
1754
1756
1757
1759
1760
1761
1762
1764
1765
1770
1772
1773
1776
1778
1779
1782
1783
1786
1788
1789
1790
1791
1792
1793
1795
1796
1798
1799
1801
1802
1803
1805
1806
1808
1809
1810
1811
1812
1813
1814
1815
1816
1818
1820
1821
1824
1825
1827
1829
1832
1834
1835
1836
1837
1838
1839
1841
1842
1843
1844
1845
1846
1847
1848
1849
1852
1854
1855
1857
1859
1861
1863
1865
1866
1868
1871
1872
1873
1874
1875
1877
1879
1881
1884
1885
1887
1889
1890
1891
1892
1895
1896
1897
1898
1899
1900
1901
1903
1906
1907
1909
1911
1914
1917
1919
1921
1922
1923
1925
1926
1927
1928
1930
1931
1934
1935
1936
1939
1941
1945
1946
1947
1948
1949
1951
1953
1954
1955
1956
1957
1958
1959
1961
1963
1964
1967
1970
1973
1974
1976
1979
1982
1985
1986
1987
1988
1989
1991
1993
1995
1997
1998
1999
2000
2001
2002
2004
2005
2006
2008
2009
2010
2011
2013
2015
2016
2017
2018
2019
2020
2021
2022
2023
2024
2025
2026
2028
2032
2033
2035
2037
2038
2040
2041
2045
2048
2049
2052
2053
2054
2056
2057
2060
2062
2064
2066
2067
2068
2071
2073
2074
2075
2076
2077
2078
2079
2080
2081
2082
2086
2087
2088
2092
2093
2094
2098
2099
2100
2103
2104
2105
2106
2108
2109
2110
2111
2112
2113
2115
2116
2117
2118
2119
2120
2122
2123
2124
2125
2126
2127
2129
2130
2131
2133
2135
2136
2138
2140
2141
2142
2143
2144
2145
2146
2147
2148
2150
2153
2154
2155
2156
2159
2160
2161
2162
2163
2165
2166
2168
2170
2171
2172
2173
2174
2175
2177
2178
2179
2181
2182
2185
2186
2188
2189
2194
2195
2196
2197
2200
2204
2205
2207
2208
2209
2212
2213
2214
2215
2216
2217
2219
2220
2222
2224
2225
2229
2231
2234
2237
2238
2240
2241
2242
2243
2244
2247
2252
2253
2254
2255
2256
2257
2258
2259
2260
2262
2263
2264
2266
2267
2268
2270
2272
2275
2277
2278
2280
2281
2282
2284
2285
2286
2287
2291
2294
2295
2298
2302
2303
2305
2306
2307
2309
2310
2311
2312
2313
2314
2316
2318
2322
2323
2324
2325
2328
2330
2333
2335
2337
2339
2342
2343
2346
2350
2351
2352
2353
2354
2355
2356
2357
2359
2360
2361
2364
2365
2366
2367
2368
2369
2371
2372
2374
2375
2377
2381
2382
2385
2386
2388
2390
2391
2395
2397
2399
2400
2401
2403
2404
2406
2409
2410
2411
2412
2413
2416
2417
2418
2420
2421
2422
2423
2425
2426
2432
2433
2434
2436
2437
2439
2440
2441
2442
2443
2444
2446
2447
2450
2452
2453
2456
2457
2458
2459
2460
2462
2463
2465
2466
2469
2470
2471
2472
2473
2474
2479
2482
2484
2486
2487
2488
2490
2491
2492
2495
2497
2498
2499
2500
2501
2502
2504
2505
2506
2513
2514
2518
2521
2522
2523
2524
2526
2530
2531
2535
2536
2537
2539
2540
2541
2542
2543
2544
2546
2547
2548
2549
2550
2551
2552
2554
2559
2560
2561
2562
2564
2570
2571
2572
2573
2574
2575
2578
2581
2588
2589
2590
2592
2593
2594
2595
2597
2598
2599
2600
2602
2605
2607
2609
2610
2612
2613
2614
2615
2616
2617
2620
2621
2624
2625
2628
2629
2631
2632
2633
2634
2635
2636
2637
2638
2640
2641
2642
2643
2645
2648
2650
2653
2654
2655
2656
2658
2661
2662
2663
2664
2668
2669
2670
2671
2672
2673
2675
2677
2679
2680
2682
2683
2688
2689
2690
2691
2692
2694
2695
2697
2699
2701
2702
2705
2708
2709
2711
2712
2713
2715
2716
2717
2719
2721
2722
2723
2724
2725
2728
2731
2734
2735
2736
2737
2739
2740
2741
2743
2744
2745
2747
2748
2749
2752
2754
2755
2756
2757
2758
2761
2762
2763
2766
2767
2774
2776
2778
2779
2781
2782
2783
2784
2786
2789
2790
2793
2794
2796
2797
2800
2801
2802
2803
2805
2809
2812
2813
2815
2818
2821
2823
2826
2828
2829
2830
2831
2832
2834
2835
2836
2838
2842
2843
2844
2845
2846
2848
2849
2850
2851
2852
2854
2855
2859
2860
2861
2862
2864
2865
2866
2867
2868
2869
2870
2871
2872
2873
2874
2876
2879
2881
2883
2884
2887
2888
2890
2892
2894
2897
2898
2901
2903
2904
2906
2907
2908
2909
2911
2912
2913
2914
2915
2917
2919
2920
2923
2924
2925
2927
2929
2930
2931
2932
2935
2937
2939
2940
2941
2942
2943
2946
2947
2949
2950
2951
2952
2953
2955
2956
2957
2958
2959
2960
2962
2963
2964
2965
2968
2971
2973
2977
2984
2985
2986
2987
2988
2989
2991
2994
2995
2996
2997
2999
3000
3001
3002
3004
3005
3006
3007
3008
3009
3011
3019
3023
3025
3026
3027
3028
3030
3031
3032
3034
3037
3038
3040
3041
3043
3045
3046
3047
3050
3053
3054
3055
3056
3057
3059
3061
3065
3066
3068
3069
3070
3072
3073
3074
3079
3080
3081
3084
3085
3086
3087
3088
3094
3096
3098
3100
3101
3102
3103
3104
3106
3107
3108
3109
3110
3111
3113
3114
3115
3116
3117
3120
3121
3122
3124
3125
3128
3129
3132
3134
3136
3139
3141
3142
3144
3146
3147
3148
3149
3150
3151
3153
3156
3158
3160
3161
3162
3164
3165
3167
3168
3169
3172
3173
3174
3175
3176
3177
3178
3182
3184
3185
3186
3187
3188
3189
3195
3196
3197
3198
3202
3203
3204
3206
3207
3208
3209
3211
3212
3213
3214
3215
3220
3222
3226
3227
3228
3229
3232
3233
3235
3236
3237
3238
3239
3240
3246
3247
3248
3249
3250
3251
3252
3253
3255
3258
3259
3263
3265
3267
3268
3269
3270
3271
3275
3276
3277
3280
3282
3285
3286
3287
3289
3291
3293
3294
3296
3297
3298
3299
3300
3302
3305
3306
3307
3308
3311
3312
3313
3314
3315
3316
3317
3318
3320
3321
3322
3327
3328
3329
3334
3336
3337
3338
3341
3342
3343
3345
3351
3352
3354
3355
3357
3358
3359
3362
3363
3364
3365
3367
3368
3371
3372
3373
3375
3376
3378
3379
3381
3385
3387
3388
3389
3391
3394
3395
3396
3399
3401
3402
3403
3404
3405
3406
3410
3414
3415
3417
3421
3423
3424
3425
3426
3427
3428
3429
3430
3431
3432
3435
3436
3439
3440
3441
3442
3443
3444
3445
3446
3447
3448
3450
3451
3452
3453
3455
3456
3459
3460
3463
3464
3465
3467
3468
3470
3471
3472
3473
3474
3476
3479
3481
3482
3483
3484
3486
3487
3488
3489
3491
3492
3493
3494
3495
3496
3497
3498
3501
3507
3508
3510
3512
3513
3514
3515
3516
3517
3518
3519
3520
3521
3522
3524
3525
3526
3527
3529
3530
3531
3535
3537
3539
3540
3542
3543
3544
3549
3550
3551
3552
3553
3554
3555
3556
3559
3560
3561
3562
3564
3565
3566
3567
3570
3571
3573
3574
3575
3576
3577
3578
3580
3583
3584
3585
3586
3588
3590
3592
3594
3595
3596
3597
3598
3599
3601
3602
3603
3604
3608
3609
3612
3616
3617
3618
3619
3620
3621
3623
3625
3629
3631
3632
3634
3639
3642
3644
3645
3647
3649
3650
3651
3652
3654
3655
3656
3659
3660
3661
3662
3663
3664
3666
3668
3669
3671
3673
3674
3675
3679
3685
3688
3689
3690
3691
3692
3693
3695
3696
3697
3700
3702
3704
3705
3706
3709
3710
3713
3715
3716
3717
3718
3719
3725
3726
3728
3730
3733
3734
3735
3737
3740
3741
3742
3745
3747
3748
3750
3754
3757
3758
3759
3761
3762
3763
3765
3767
3768
3769
3770
3772
3773
3774
3775
3776
3779
3781
3782
3783
3784
3785
3786
3787
3790
3795
3797
3798
3800
3801
3802
3803
3805
3807
3808
3809
3810
3811
3812
3817
3818
3820
3822
3824
3827
3830
3831
3832
3834
3835
3836
3837
3840
3841
3843
3845
3846
3850
3851
3852
3853
3854
3855
3856
3857
3859
3860
3862
3865
3866
3867
3868
3870
3872
3875
3876
3879
3880
3881
3883
3885
3888
3889
3891
3893
3894
3895
3896
3897
3898
3899
3900
3902
3903
3904
3905
3906
3909
3910
3911
3912
3914
3915
3916
3918
3920
3926
3927
3928
3929
3930
3931
3935
3936
3937
3938
3939
3940
3942
3944
3945
3946
3947
3948
3949
3951
3952
3954
3955
3956
3957
3959
3961
3963
3964
3965
3966
3967
3968
3970
3973
3974
3975
3976
3977
3978
3980
3982
3983
3986
3988
3991
3993
3994
3997
3998
3999
4001
4003
4004
4005
4012
4013
4015
4016
4017
4018
4019
4022
4023
4024
4025
4027
4028
4029
4030
4036
4038
4041
4042
4043
4045
4048
4049
4050
4051
4053
4054
4055
4057
4059
4061
4062
4063
4066
4067
4068
4069
4071
4074
4076
4077
4078
4079
4080
4082
4083
4086
4087
4091
4092
4093
4094
4095
4096
4097
4098
4099
4100
4101
4102
4103
4104
4105
4107
4109
4112
4113
4116
4117
4118
4120
4122
4125
4127
4130
4134
4135
4136
4137
4138
4140
4142
4143
4146
4150
4151
4152
4155
4156
4157
4158
4159
4160
4162
4164
4166
4167
4168
4169
4170
4171
4172
4175
4176
4180
4181
4182
4184
4188
4190
4192
4193
4196
4198
4199
4200
4202
4203
4204
4205
4207
4208
4209
4210
4211
4213
4215
4216
4217
4219
4222
4223
4224
4228
4229
4230
4231
4235
4236
4238
4239
4241
4242
4243
4244
4245
4246
4249
4252
4253
4254
4255
4256
4257
4259
4260
4261
4263
4264
4266
4269
4272
4273
4274
4275
4276
4279
4281
4282
4283
4284
4286
4287
4288
4293
4295
4296
4298
4299
4306
4309
4312
4313
4315
4317
4318
4323
4328
4332
4334
4335
4336
4343
4344
4345
4347
4348
4349
4350
4351
4352
4353
4358
4359
4360
4361
4363
4365
4369
4370
4373
4374
4377
4378
4380
4383
4384
4385
4387
4392
4394
4395
4397
4398
4399
4400
4405
4409
4410
4411
4412
4414
4415
4416
4417
4419
4421
4423
4425
4426
4429
4432
4433
4434
4436
4438
4440
4441
4443
4445
4446
4447
4448
4449
4450
4451
4452
4455
4459
4461
4466
4467
4468
4469
4470
4471
4472
4473
4474
4475
4476
4477
4480
4481
4482
4483
4485
4486
4487
4488
4489
4493
4495
4496
4497
4498
4499
4500
4502
4504
4509
4510
4512
4514
4515
4517
4519
4521
4522
4525
4528
4530
4531
4532
4534
4538
4541
4542
4543
4544
4545
4546
4550
4552
4554
4555
4557
4558
4559
4560
4561
4562
4565
4566
4567
4568
4571
4574
4575
4576
4577
4580
4581
4585
4586
4587
4588
4589
4594
4596
4597
4600
4601
4602
4603
4605
4607
4608
4609
4610
4612
4613
4617
4618
4619
4620
4621
4624
4625
4628
4629
4631
4633
4634
4635
4637
4640
4641
4643
4644
4645
4646
4648
4649
4651
4656
4657
4659
4661
4665
4666
4668
4669
4670
4673
4675
4677
4678
4681
4683
4684
4685
4686
4687
4690
4691
4692
4694
4695
4696
4697
4698
4699
4701
4703
4704
4705
4706
4713
4715
4717
4718
4719
4720
4723
4724
4726
4727
4730
4731
4732
4735
4738
4739
4743
4744
4745
4749
4754
4755
4756
4759
4760
4761
4763
4764
4765
4767
4769
4770
4772
4773
4774
4775
4777
4781
4782
4783
4784
4785
4786
4788
4789
4790
4791
4792
4793
4795
4797
4799
4801
4802
4804
4805
4806
4807
4808
4809
4811
4813
4815
4820
4821
4822
4825
4826
4828
4829
4830
4831
4832
4833
4834
4835
4836
4838
4841
4843
4844
4846
4847
4848
4850
4851
4852
4853
4854
4855
4856
4858
4859
4860
4861
4862
4864
4865
4867
4868
4869
4870
4871
4874
4876
4877
4878
4879
4882
4883
4884
4885
4887
4892
4893
4894
4895
4896
4898
4900
4901
4902
4904
4908
4909
4911
4914
4915
4916
4917
4920
4921
4922
4923
4924
4925
4926
4927
4928
4929
4931
4932
4933
4934
4938
4939
4940
4941
4945
4946
4947
4949
4951
4952
4953
4954
4955
4956
4957
4958
4960
4962
4963
4964
4965
4966
4969
4970
4972
4973
4974
4976
4978
4979
4981
4983
4984
4985
4988
4989
4991
4992
4993
4994
4996
4998
4999
5001
5002
5003
5004
5007
5010
5012
5013
5014
5017
5018
5020
5024
5026
5027
5029
5030
5031
5036
5037
5038
5039
5040
5042
5043
5044
5045
5046
5047
5049
5051
5052
5055
5056
5057
5058
5060
5061
5063
5065
5066
5067
5068
5069
5073
5074
5075
5076
5080
5081
5082
5083
5085
5086
5087
5088
5089
5090
5091
5092
5093
5094
5096
5099
5100
5101
5102
5104
5105
5106
5109
5111
5115
5116
5118
5122
5123
5124
5125
5127
5129
5132
5136
5138
5142
5143
5144
5146
5147
5148
5149
5151
5156
5157
5159
5160
5161
5164
5165
5168
5171
5173
5175
5177
5178
5179
5182
5185
5186
5187
5190
5192
5195
5196
5197
5199
5200
5202
5203
5204
5205
5206
5210
5211
5213
5214
5215
5223
5226
5227
5229
5230
5232
5234
5236
5238
5240
5241
5242
5246
5247
5248
5249
5250
5252
5253
5254
5255
5259
5262
5263
5264
5265
5266
5267
5270
5271
5272
5273
5275
5276
5277
5278
5279
5282
5283
5284
5285
5286
5287
5288
5290
5291
5293
5295
5296
5297
5298
5299
5300
5301
5304
5305
5306
5308
5310
5311
5313
5314
5319
5320
5321
5322
5323
5325
5326
5327
5330
5332
5333
5336
5337
5338
5339
5345
5346
5349
5354
5357
5360
5361
5363
5365
5368
5369
5370
5373
5375
5376
5380
5382
5383
5385
5387
5388
5390
5391
5392
5394
5395
5396
5397
5398
5401
5402
5403
5404
5405
5406
5408
5411
5412
5413
5414
5416
5417
5420
5421
5422
5423
5424
5425
5430
5431
5433
5434
5435
5436
5437
5438
5439
5441
5442
5443
5446
5449
5450
5451
5455
5456
5458
5459
5460
5461
5464
5466
5467
5469
5471
5472
5473
5474
5475
5476
5477
5478
5479
5481
5482
5485
5487
5488
5490
5491
5492
5493
5495
5496
5497
5498
5499
5500
5505
5506
5508
5509
5510
5512
5513
5516
5521
5523
5524
5525
5526
5527
5529
5530
5531
5532
5533
5536
5540
5541
5544
5547
5549
5550
5551
5552
5553
5554
5555
5557
5559
5561
5562
5565
5567
5568
5577
5578
5580
5581
5582
5583
5584
5585
5587
5589
5590
5591
5592
5594
5595
5596
5597
5598
5599
5600
5602
5603
5604
5605
5606
5607
5608
5609
5611
5614
5615
5616
5617
5619
5621
5622
5624
5625
5626
5627
5628
5633
5634
5636
5637
5643
5644
5647
5648
5649
5651
5653
5654
5655
5657
5658
5660
5661
5662
5663
5664
5665
5667
5668
5669
5670
5672
5674
5675
5676
5677
5678
5679
5683
5690
5692
5693
5694
5696
5702
5703
5705
5706
5708
5713
5717
5718
5720
5721
5723
5724
5726
5729
5730
5733
5734
5735
5736
5737
5740
5741
5742
5745
5747
5749
5750
5752
5753
5754
5757
5758
5759
5760
5761
5762
5764
5766
5768
5769
5770
5771
5773
5775
5776
5777
5778
5779
5780
5781
5782
5784
5791
5792
5793
5794
5797
5798
5799
5800
5805
5806
5808
5809
5810
5811
5812
5813
5816
5818
5819
5821
5823
5825
5828
5829
5831
5832
5833
5836
5838
5839
5843
5844
5848
5850
5851
5852
5853
5854
5858
5859
5861
5862
5863
5865
5869
5871
5872
5876
5880
5881
5882
5883
5884
5888
5890
5893
5902
5905
5908
5909
5911
5912
5913
5916
5917
5918
5919
5920
5924
5925
5926
5927
5928
5929
5930
5931
5933
5936
5937
5939
5944
5945
5946
5947
5948
5949
5950
5951
5952
5953
5955
5956
5958
5960
5961
5964
5965
5967
5969
5970
5972
5973
5976
5978
5981
5982
5983
5985
5986
5987
5989
5993
5994
5995
5996
5997
5999
6002
6003
6005
6007
6010
6011
6013
6015
6021
6023
6027
6029
6030
6032
6035
6036
6037
6038
6039
6042
6043
6044
6045
6046
6047
6048
6049
6051
6053
6054
6057
6059
6060
6061
6062
6063
6064
6065
6067
6070
6073
6074
6077
6080
6082
6083
6084
6087
6088
6090
6092
6097
6098
6101
6103
6105
6108
6110
6112
6113
6114
6117
6118
6119
6120
6121
6123
6125
6126
6127
6130
6131
6133
6135
6138
6140
6141
6142
6144
6145
6146
6147
6149
6150
6151
6153
6156
6157
6158
6160
6162
6164
6165
6166
6167
6168
6169
6173
6177
6178
6180
6181
6182
6183
6184
6185
6186
6187
6188
6192
6193
6194
6195
6196
6197
6198
6200
6201
6203
6204
6205
6211
6214
6215
6216
6217
6218
6219
6224
6225
6226
6230
6231
6232
6236
6238
6239
6240
6242
6244
6247
6248
6249
6250
6255
6258
6259
6260
6261
6262
6263
6265
6266
6269
6270
6271
6273
6275
6280
6281
6283
6284
6286
6287
6290
6291
6293
6294
6295
6297
6298
6299
6301
6303
6304
6307
6308
6309
6310
6311
6314
6315
6316
6318
6320
6321
6322
6323
6330
6332
6337
6339
6340
6341
6342
6343
6344
6345
6346
6347
6348
6349
6350
6351
6353
6354
6356
6357
6358
6359
6361
6362
6363
6367
6369
6370
6374
6375
6376
6377
6378
6379
6382
6383
6388
6391
6394
6395
6397
6398
6400
6401
6402
6403
6404
6407
6408
6409
6411
6412
6414
6416
6417
6418
6422
6423
6426
6428
6429
6430
6431
6433
6437
6438
6439
6442
6444
6448
6449
6451
6452
6455
6458
6460
6462
6463
6467
6468
6469
6470
6471
6473
6475
6480
6487
6491
6493
6496
6499
6500
6501
6502
6503
6504
6505
6507
6509
6510
6512
6514
6515
6517
6518
6519
6520
6521
6522
6523
6524
6525
6526
6527
6529
6530
6531
6532
6535
6536
6537
6538
6540
6543
6544
6545
6546
6550
6551
6552
6553
6554
6555
6557
6559
6561
6563
6565
6568
6570
6571
6572
6573
6574
6576
6578
6579
6580
6583
6585
6586
6589
6590
6595
6597
6598
6599
6602
6603
6605
6607
6608
6609
6610
6611
6612
6613
6615
6616
6618
6619
6622
6626
6627
6628
6634
6638
6643
6644
6645
6646
6651
6652
6656
6657
6658
6660
6661
6662
6663
6668
6670
6671
6672
6673
6674
6675
6677
6678
6679
6680
6681
6682
6683
6685
6688
6691
6692
6693
6694
6695
6696
6697
6698
6700
6701
6703
6705
6706
6709
6710
6713
6714
6715
6716
6717
6718
6719
6720
6721
6722
6726
6731
6733
6735
6737
6740
6741
6745
6746
6747
6748
6749
6750
6751
6752
6754
6755
6758
6759
6760
6761
6763
6766
6770
6771
6773
6774
6776
6777
6778
6779
6780
6781
6782
6783
6784
6785
6787
6788
6789
6794
6797
6798
6802
6803
6805
6809
6810
6812
6813
6815
6816
6825
6828
6830
6831
6832
6833
6834
6835
6837
6838
6839
6841
6842
6845
6846
6848
6851
6852
6853
6857
6860
6861
6862
6867
6868
6869
6870
6871
6873
6877
6880
6881
6882
6883
6884
6885
6886
6889
6890
6892
6895
6896
6897
6900
6901
6903
6906
6907
6908
6909
6910
6911
6913
6921
6922
6923
6924
6927
6928
6929
6931
6932
6933
6935
6936
6937
6938
6940
6941
6942
6943
6944
6946
6947
6948
6950
6951
6955
6956
6957
6958
6962
6963
6964
6967
6968
6970
6972
6982
6983
6984
6985
6987
6988
6989
6990
6991
6994
6995
6996
6997
7002
7003
7006
7007
7009
7011
7012
7013
7014
7015
7016
7017
7019
7020
7021
7023
7025
7028
7029
7031
7032
7034
7037
7040
7041
7045
7048
7050
7051
7052
7053
7054
7055
7057
7058
7059
7061
7062
7063
7064
7066
7069
7071
7072
7073
7075
7077
7079
7080
7083
7084
7087
7088
7090
7091
7092
7093
7096
7097
7098
7101
7103
7105
7106
7112
7113
7115
7116
7117
7119
7124
7126
7130
7134
7138
7139
7141
7142
7143
7147
7148
7149
7150
7152
7153
7154
7155
7157
7158
7159
7160
7161
7162
7163
7164
7165
7166
7167
7168
7169
7174
7176
7177
7178
7179
7180
7182
7185
7186
7187
7190
7195
7196
7197
7198
7202
7204
7206
7208
7209
7210
7213
7216
7217
7219
7220
7221
7222
7223
7226
7227
7229
7230
7232
7234
7235
7236
7237
7238
7239
7241
7242
7243
7245
7246
7248
7253
7255
7256
7257
7258
7261
7264
7266
7267
7268
7269
7270
7271
7274
7275
7276
7277
7279
7280
7282
7283
7285
7286
7287
7289
7290
7292
7295
7298
7299
7300
7303
7304
7305
7309
7310
7311
7312
7313
7314
7315
7318
7319
7321
7324
7325
7326
7327
7329
7331
7333
7334
7335
7337
7341
7342
7343
7346
7347
7348
7349
7351
7354
7355
7356
7357
7358
7359
7361
7362
7363
7364
7365
7366
7369
7370
7374
7375
7376
7377
7379
7380
7382
7384
7387
7388
7391
7392
7396
7398
7399
7400
7401
7403
7404
7406
7408
7409
7410
7411
7412
7413
7414
7416
7417
7418
7419
7420
7422
7424
7428
7435
7436
7437
7439
7440
7444
7445
7447
7448
7450
7452
7455
7456
7457
7458
7459
7460
7461
7462
7463
7464
7465
7467
7470
7475
7478
7479
7482
7483
7484
7485
7486
7489
7495
7499
7500
7502
7503
7505
7507
7509
7510
7511
7516
7517
7518
7520
7521
7522
7523
7525
7526
7527
7529
7530
7533
7534
7535
7536
7537
7538
7539
7540
7541
7542
7543
7544
7545
7547
7548
7549
7553
7554
7555
7556
7558
7559
7560
7561
7563
7564
7569
7570
7574
7576
7577
7579
7580
7581
7582
7584
7585
7586
7587
7589
7590
7591
7592
7599
7600
