1
2
4
5
7
10
12
13
15
16
19
20
21
22
24
25
27
35
36
37
38
40
41
42
45
50
53
54
56
58
59
60
62
63
64
65
66
68
69
71
72
73
74
75
76
77
79
81
82
85
87
88
90
94
95
96
98
99
100
105
107
108
109
112
113
114
115
116
118
120
121
122
123
126
127
128
130
132
135
137
138
139
140
142
143
144
148
149
150
151
152
155
156
158
160
161
162
165
166
167
169
170
172
173
175
176
177
183
184
187
190
192
193
194
195
197
199
200
201
202
205
206
207
208
209
210
211
212
214
215
216
217
218
219
220
222
223
225
226
228
231
232
233
234
236
237
238
244
245
251
253
254
256
259
261
262
263
266
270
274
276
277
278
279
282
283
286
289
290
292
294
295
299
300
302
303
306
307
309
313
316
317
318
319
320
321
322
323
325
326
328
329
330
331
332
333
334
335
337
339
340
344
345
346
349
350
352
353
358
359
363
364
365
366
367
370
372
374
375
376
377
379
380
381
384
385
386
388
389
390
391
392
393
395
397
400
403
406
408
410
412
413
415
417
418
419
421
422
426
427
428
429
430
432
435
439
441
442
443
444
446
448
449
450
452
454
456
457
459
462
463
464
467
469
471
473
474
475
476
477
480
485
486
488
492
493
495
499
502
503
505
506
508
509
511
512
515
516
518
519
520
521
522
524
525
526
531
532
534
538
541
543
546
547
550
551
552
553
554
555
556
557
559
561
563
564
566
567
572
573
576
577
578
579
580
581
582
583
588
590
591
592
593
594
595
597
598
601
604
605
607
608
610
612
617
618
619
620
625
626
627
628
629
630
631
632
633
637
640
641
643
644
645
646
647
648
649
652
654
658
659
660
664
666
667
669
670
671
672
673
674
675
679
680
681
683
684
685
689
690
694
695
696
697
698
699
703
704
705
706
707
711
712
714
715
716
718
719
723
724
726
727
730
732
734
735
739
740
741
742
743
744
745
747
751
755
756
762
766
769
770
771
774
775
776
778
779
780
781
784
785
787
788
789
790
792
794
798
799
801
802
803
804
805
806
807
808
809
810
812
813
814
817
819
825
826
827
829
831
834
835
836
837
840
842
843
846
847
850
852
853
854
856
857
858
859
860
862
863
864
865
866
868
869
873
874
875
876
878
880
881
882
883
884
886
888
889
890
891
892
893
896
897
899
901
903
904
906
908
909
911
913
915
916
917
919
920
922
923
930
931
932
933
934
935
936
939
941
942
945
946
948
950
951
952
954
955
956
958
960
961
962
963
965
966
967
968
971
972
973
974
975
978
979
981
983
984
985
987
989
990
992
995
997
999
1001
1003
1004
1011
1012
1014
1015
1016
1018
1020
1023
1024
1027
1028
1031
1032
1033
1034
1035
1036
1037
1039
1040
1041
1043
1044
1045
1047
1048
1050
1054
1055
1058
1060
1063
1064
1066
1067
1072
1073
1075
1078
1079
1080
1081
1082
1083
1084
1086
1088
1091
1092
1093
1094
1095
1096
1097
1099
1100
1101
1102
1104
1106
1107
1108
1109
1110
1111
1113
1114
1119
1121
1122
1124
1125
1130
1131
1132
1133
1134
1136
1137
1140
1142
1144
1146
1147
1148
1151
1152
1153
1156
1158
1160
1162
1166
1168
1169
1170
1173
1174
1178
1179
1181
1183
1184
1185
1186
1188
1189
1190
1191
1192
1193
1195
1196
1198
1199
1200
1201
1202
1203
1204
1205
1207
1209
1213
1214
1215
1216
1220
1222
1223
1224
1225
1228
1229
1230
1231
1233
1234
1235
1236
1237
1239
1246
1248
1249
1251
1252
1255
1256
1257
1258
1260
1263
1267
1268
1269
1270
1271
1273
1274
1275
1278
1280
1282
1283
1284
1285
1288
1289
1290
1291
1292
1294
1295
1296
1297
1298
1299
1300
1301
1304
1305
1306
1310
1312
1315
1317
1319
1323
1324
1325
1327
1329
1331
1334
1337
1338
1340
1341
1342
1345
1346
1347
1348
1349
1350
1352
1353
1356
1357
1359
1360
1361
1362
1363
1364
1365
1366
1368
1371
1375
1377
1380
1383
1385
1386
1389
1391
1392
1393
1394
1395
1397
1398
1399
1402
1403
1404
1405
1407
1408
1409
1411
1413
1414
1415
1420
1422
1425
1426
1427
1430
1433
1434
1437
1438
1439
1440
1442
1443
1444
1446
1447
1448
1449
1450
1452
1455
1456
1457
1461
1462
1464
1465
1467
1469
1472
1475
1478
1481
1482
1484
1486
1488
1489
1490
1491
1493
1494
1495
1496
1499
1501
1503
1504
1505
1506
1507
1508
1509
1510
1511
1513
1516
1517
1518
1519
1520
1521
1522
1523
1524
1526
1528
1529
1531
1534
1535
1536
1540
1543
1545
1548
1549
1551
1552
1553
1555
1556
1558
1559
1560
1561
1562
1564
1566
1567
1569
1572
1573
1574
1578
1579
1582
1583
1584
1586
1587
1588
1589
1592
1594
1595
1597
1598
1600
1601
1603
1604
1605
1606
1607
1608
1611
1612
1613
1614
1615
1616
1619
1620
1622
1624
1626
1628
1630
1631
1632
1633
1634
1636
1637
1638
1641
1643
1644
1645
1646
1649
1651
1652
1653
1654
1656
1657
1659
1660
1661
1663
1664
1665
1666
1667
1668
1671
1677
1683
1684
1686
1689
1690
1691
1693
1694
1695
1696
1697
1701
1702
1705
1707
1708
1709
1710
1711
1714
1716
1717
1718
1719
1721
1722
1726
1728
1731
1733
1735
1736
1738
1739
1740
1742
1743
1744
1746
1747
1748
1749
1750
1752
1755
1756
1757
1758
1759
1762
1764
1766
1767
1769
1770
1771
1772
1774
1776
1777
1781
1782
1783
1784
1785
1786
1787
1788
1790
1791
1793
1794
1795
1796
1799
1801
1802
1804
1811
1812
1815
1816
1818
1819
1821
1823
1825
1827
1828
1832
1833
1835
1836
1837
1838
1843
1846
1848
1850
1853
1854
1855
1856
1857
1858
1859
1860
1862
1863
1865
1868
1870
1871
1872
1874
1875
1877
1878
1879
1880
1881
1882
1883
1884
1885
1888
1889
1891
1892
1893
1894
1897
1899
1900
1901
1903
1904
1907
1908
1909
1910
1911
1913
1914
1915
1917
1919
1920
1922
1926
1927
1929
1931
1934
1936
1938
1940
1941
1947
1948
1949
1950
1951
1952
1953
1956
1958
1959
1960
1962
1963
1966
1967
1968
1970
1972
1975
1979
1980
1981
1983
1985
1987
1988
1989
1990
1991
1992
1996
1997
1998
1999
2000
2002
2004
2005
2006
2007
2008
2010
2012
2015
2017
2020
2021
2022
2024
2027
2028
2029
2030
2031
2032
2033
2034
2036
2037
2038
2039
2040
2044
2045
2046
2048
2049
2050
2051
2052
2053
2054
2056
2057
2058
2061
2062
2063
2067
2068
2072
2074
2076
2077
2078
2079
2080
2085
2087
2088
2089
2091
2092
2093
2095
2096
2098
2100
2101
2102
2103
2105
2106
2107
2110
2111
2112
2113
2114
2117
2118
2122
2123
2124
2127
2128
2129
2131
2133
2135
2136
2138
2139
2142
2143
2144
2145
2146
2147
2149
2152
2153
2154
2155
2156
2158
2159
2161
2162
2164
2166
2167
2169
2171
2172
2173
2177
2178
2179
2180
2181
2182
2184
2185
2188
2190
2192
2195
2197
2198
2200
2202
2206
2207
2210
2211
2213
2216
2218
2222
2224
2225
2227
2229
2231
2232
2233
2234
2235
2236
2237
2238
2239
2241
2242
2245
2248
2249
2250
2251
2252
2253
2254
2255
2256
2259
2260
2261
2262
2263
2265
2266
2268
2269
2270
2271
2274
2276
2277
2278
2279
2280
2281
2282
2285
2286
2287
2288
2292
2294
2296
2297
2298
2301
2302
2303
2304
2307
2308
2309
2311
2314
2315
2316
2320
2321
2323
2325
2326
2327
2328
2330
2333
2335
2336
2337
2338
2342
2344
2345
2347
2348
2352
2353
2354
2355
2357
2362
2363
2365
2368
2372
2373
2375
2376
2379
2380
2382
2383
2384
2385
2386
2387
2389
2390
2391
2392
2393
2394
2395
2396
2399
2400
2401
2402
2403
2404
2409
2411
2412
2413
2417
2418
2421
2423
2426
2427
2428
2430
2432
2433
2435
2436
2437
2438
2439
2440
2442
2444
2445
2446
2447
2448
2449
2450
2452
2453
2454
2455
2456
2457
2458
2459
2460
2461
2463
2464
2465
2467
2468
2469
2471
2472
2475
2476
2477
2478
2479
2481
2484
2485
2486
2487
2488
2489
2491
2492
2493
2495
2496
2497
2498
2500
2501
2502
2504
2506
2508
2509
2511
2512
2513
2514
2515
2516
2519
2520
2521
2522
2524
2525
2526
2527
2531
2532
2534
2535
2536
2539
2540
2541
2542
2543
2544
2545
2547
2548
2549
2550
2553
2554
2556
2557
2558
2561
2562
2563
2564
2565
2566
2567
2571
2572
2573
2576
2577
2579
2583
2584
2586
2588
2590
2591
2592
2594
2595
2597
2598
2599
2605
2606
2609
2610
2612
2613
2614
2616
2620
2621
2622
2624
2625
2626
2628
2631
2632
2633
2634
2635
2637
2639
2641
2642
2643
2647
2648
2649
2650
2652
2653
2654
2655
2656
2657
2658
2659
2660
2661
2663
2664
2666
2667
2669
2670
2672
2675
2676
2677
2678
2680
2682
2683
2687
2688
2690
2691
2693
2695
2700
2701
2702
2703
2704
2705
2706
2717
2718
2720
2723
2724
2727
2728
2732
2735
2737
2738
2739
2740
2742
2743
2745
2746
2747
2748
2750
2751
2753
2755
2759
2760
2762
2765
2766
2767
2768
2771
2773
2777
2778
2779
2780
2781
2782
2783
2784
2785
2786
2788
2789
2790
2792
2793
2794
2796
2797
2799
2800
2801
2802
2803
2804
2805
2806
2808
2811
2812
2813
2816
2817
2818
2820
2821
2825
2827
2828
2829
2830
2831
2832
2834
2835
2838
2839
2840
2841
2843
2844
2845
2847
2848
2849
2850
2853
2854
2855
2856
2859
2861
2863
2865
2866
2867
2868
2869
2870
2871
2872
2873
2875
2878
2879
2880
2882
2883
2884
2885
2887
2888
2890
2891
2892
2894
2897
2898
2900
2901
2905
2908
2911
2912
2915
2918
2919
2922
2923
2925
2926
2929
2930
2931
2932
2935
2937
2939
2940
2942
2944
2949
2951
2953
2954
2956
2957
2962
2963
2967
2969
2970
2971
2972
2974
2976
2977
2979
2982
2983
2984
2985
2988
2989
2998
3000
3004
3005
3007
3008
3011
3012
3013
3016
3017
3018
3020
3021
3022
3023
3024
3026
3027
3029
3030
3032
3033
3036
3037
3039
3042
3045
3046
3047
3048
3051
3052
3053
3055
3056
3058
3059
3060
3061
3062
3063
3064
3065
3067
3068
3069
3071
3072
3074
3076
3078
3079
3082
3083
3088
3089
3090
3091
3093
3094
3095
3096
3098
3099
3100
3101
3103
3104
3105
3107
3108
3109
3110
3114
3118
3120
3121
3122
3123
3124
3125
3126
3127
3130
3131
3132
3133
3134
3137
3138
3140
3141
3142
3144
3145
3146
3147
3148
3150
3154
3156
3157
3158
3159
3163
3164
3165
3166
3167
3168
3169
3171
3172
3174
3176
3179
3181
3182
3183
3184
3185
3188
3190
3191
3195
3197
3198
3199
3200
3201
3203
3204
3207
3209
3210
3211
3213
3216
3219
3221
3222
3223
3224
3225
3226
3227
3229
3230
3233
3234
3235
3237
3238
3239
3241
3242
3246
3248
3249
3252
3253
3254
3255
3256
3257
3260
3261
3262
3268
3269
3271
3272
3273
3275
3276
3279
3280
3285
3286
3287
3288
3290
3291
3295
3296
3297
3301
3302
3303
3304
3306
3307
3308
3309
3312
3314
3316
3317
3318
3320
3326
3328
3329
3330
3332
3333
3334
3336
3339
3343
3346
3347
3349
3351
3353
3354
3355
3356
3357
3358
3359
3364
3368
3371
3373
3374
3376
3377
3378
3380
3381
3382
3383
3385
3386
3387
3390
3391
3392
3394
3395
3396
3397
3398
3400
3407
3408
3410
3412
3413
3414
3416
3417
3418
3419
3421
3422
3423
3426
3427
3428
3430
3431
3432
3433
3434
3436
3439
3441
3443
3444
3445
3446
3447
3448
3449
3455
3461
3463
3465
3467
3468
3469
3471
3475
3476
3479
3480
3481
3483
3486
3487
3488
3490
3491
3493
3496
3497
3499
3500
3502
3504
3505
3507
3508
3510
3511
3512
3513
3514
3515
3516
3517
3520
3522
3525
3526
3527
3528
3529
3530
3531
3534
3535
3536
3537
3538
3543
3546
3547
3548
3549
3550
3551
3552
3553
3557
3558
3559
3560
3561
3565
3566
3569
3570
3571
3573
3574
3575
3580
3581
3582
3583
3584
3585
3587
3588
3589
3593
3594
3598
3599
3602
3603
3605
3607
3608
3609
3610
3613
3614
3617
3619
3620
3621
3622
3623
3624
3625
3626
3629
3632
3634
3635
3636
3639
3640
3641
3643
3644
3647
3648
3649
3650
3651
3653
3654
3655
3656
3658
3659
3660
3662
3663
3664
3665
3666
3668
3669
3671
3672
3673
3674
3675
3676
3678
3680
3681
3684
3685
3686
3687
3688
3690
3691
3694
3695
3696
3700
3701
3703
3704
3706
3708
3709
3711
3712
3713
3715
3716
3718
3719
3722
3723
3724
3725
3728
3729
3730
3731
3734
3735
3737
3739
3740
3746
3748
3749
3750
3751
3752
3754
3755
3757
3758
3760
3761
3765
3766
3767
3768
3769
3774
3776
3780
3781
3783
3789
3793
3796
3797
3798
3800
3803
3809
3810
3811
3813
3816
3819
3821
3824
3825
3830
3831
3833
3835
3836
3838
3839
3840
3841
3842
3843
3848
3849
3850
3852
3854
3856
3857
3859
3860
3867
3868
3869
3872
3874
3875
3876
3877
3878
3879
3882
3884
3885
3886
3888
3889
3890
3892
3893
3894
3896
3898
3905
3906
3907
3909
3910
3911
3912
3914
3915
3916
3917
3921
3922
3927
3928
3930
3931
3934
3936
3938
3944
3945
3946
3948
3950
3951
3952
3954
3955
3957
3958
3959
3960
3961
3964
3967
3968
3969
3970
3971
3973
3974
3975
3976
3977
3978
3980
3984
3985
3986
3988
3989
3990
3991
3993
3995
3996
3997
3999
4001
4002
4005
4006
4007
4009
4010
4011
4015
4016
4017
4019
4020
4021
4023
4024
4025
4028
4031
4035
4036
4037
4039
4042
4043
4046
4047
4049
4051
4053
4054
4055
4057
4058
4059
4060
4061
4064
4065
4067
4069
4071
4072
4073
4076
4079
4081
4084
4085
4087
4088
4089
4092
4094
4095
4096
4097
4098
4099
4100
4101
4105
4106
4108
4110
4111
4112
4113
4116
4117
4119
4122
4123
4124
4128
4129
4131
4132
4133
4135
4137
4138
4142
4143
4145
4148
4149
4150
4151
4152
4153
4154
4155
4156
4157
4161
4162
4163
4164
4165
4166
4167
4168
4169
4170
4172
4173
4174
4176
4177
4180
4181
4183
4184
4185
4187
4191
4193
4194
4195
4196
4197
4198
4200
4201
4202
4203
4205
4206
4207
4208
4210
4211
4212
4217
4218
4219
4220
4221
4223
4224
4225
4226
4228
4230
4232
4235
4237
4238
4240
4243
4244
4246
4247
4248
4249
4250
4254
4257
4258
4259
4260
4261
4262
4263
4264
4265
4266
4268
4270
4271
4273
4274
4277
4281
4283
4284
4285
4286
4288
4289
4290
4291
4292
4293
4295
4296
4299
4300
4301
4304
4306
4308
4309
4310
4312
4313
4316
4317
4320
4321
4324
4325
4327
4328
4331
4332
4333
4334
4335
4336
4337
4338
4339
4343
4344
4348
4351
4352
4353
4357
4358
4364
4365
4366
4367
4368
4370
4372
4373
4376
4379
4380
4382
4383
4384
4385
4387
4388
4389
4390
4391
4392
4393
4394
4395
4396
4397
4403
4405
4406
4408
4410
4411
4412
4413
4414
4415
4416
4417
4419
4420
4421
4422
4423
4424
4426
4429
4431
4432
4434
4435
4439
4440
4442
4445
4446
4447
4449
4450
4451
4452
4453
4454
4455
4456
4457
4459
4460
4463
4464
4466
4467
4470
4473
4474
4475
4476
4477
4479
4480
4481
4482
4487
4488
4489
4490
4491
4494
4496
4499
4500
4504
4506
4509
4511
4512
4515
4516
4517
4518
4519
4520
4521
4522
4523
4524
4525
4526
4527
4528
4530
4533
4534
4535
4537
4538
4539
4540
4541
4542
4544
4545
4547
4548
4549
4550
4551
4552
4553
4556
4560
4561
4563
4564
4565
4566
4571
4572
4573
4574
4577
4578
4581
4582
4583
4584
4586
4589
4591
4592
4593
4594
4595
4598
4600
4604
4605
4606
4607
4608
4609
4610
4611
4613
4614
4615
4617
4618
4619
4620
4621
4622
4623
4626
4627
4628
4629
4633
4634
4635
4637
4639
4640
4641
4642
4643
4644
4645
4647
4649
4651
4652
4656
4657
4659
4660
4661
4666
4668
4669
4674
4676
4678
4680
4681
4683
4684
4687
4690
4691
4692
4694
4695
4696
4697
4699
4702
4703
4704
4705
4706
4707
4710
4711
4712
4714
4715
4716
4717
4720
4723
4726
4728
4729
4731
4732
4733
4734
4737
4739
4742
4743
4744
4745
4746
4747
4748
4750
4754
4757
4758
4759
4760
4761
4764
4765
4766
4768
4771
4776
4777
4778
4780
4784
4785
4790
4791
4792
4793
4795
4796
4797
4798
4799
4801
4803
4804
4805
4806
4807
4808
4809
4810
4811
4812
4813
4816
4817
4820
4821
4822
4823
4825
4826
4829
4830
4831
4832
4833
4834
4835
4836
4837
4839
4841
4842
4843
4844
4845
4846
4848
4852
4853
4855
4856
4857
4862
4864
4866
4868
4869
4870
4871
4873
4876
4877
4883
4886
4888
4889
4890
4891
4892
4894
4898
4900
4904
4905
4907
4908
4909
4910
4911
4912
4913
4914
4915
4916
4918
4922
4923
4925
4926
4927
4928
4929
4931
4933
4934
4935
4936
4937
4938
4939
4940
4941
4944
4945
4947
4951
4952
4954
4955
4956
4957
4958
4959
4960
4963
4964
4966
4969
4971
4972
4975
4976
4977
4978
4980
4981
4982
4985
4986
4987
4991
4992
4993
4994
4995
4998
5001
5004
5005
5006
5008
5010
5012
5014
5015
5018
5019
5021
5022
5024
5025
5026
5027
5028
5029
5030
5032
5033
5035
5036
5037
5038
5041
5043
5045
5046
5048
5050
5051
5052
5055
5056
5057
5058
5060
5061
5062
5063
5064
5065
5066
5067
5069
5072
5073
5074
5076
5081
5084
5085
5087
5089
5091
5093
5095
5097
5098
5102
5104
5105
5106
5108
5109
5110
5111
5112
5113
5115
5116
5119
5121
5122
5123
5124
5125
5128
5129
5130
5132
5133
5134
5136
5140
5142
5143
5145
5147
5148
5149
5153
5154
5156
5158
5159
5164
5165
5167
5168
5169
5170
5171
5172
5175
5177
5181
5182
5183
5184
5187
5189
5190
5193
5195
5196
5200
5203
5206
5207
5208
5210
5213
5219
5220
5221
5222
5224
5226
5231
5234
5235
5236
5237
5238
5247
5248
5250
5251
5253
5255
5257
5258
5261
5262
5265
5267
5268
5269
5271
5273
5274
5277
5278
5279
5283
5284
5285
5286
5288
5290
5291
5292
5293
5296
5297
5299
5301
5302
5304
5305
5309
5310
5311
5313
5314
5315
5317
5323
5326
5327
5328
5329
5330
5331
5332
5333
5334
5335
5340
5341
5342
5344
5345
5346
5347
5351
5354
5355
5356
5357
5358
5359
5361
5362
5363
5366
5367
5368
5370
5371
5373
5374
5375
5377
5378
5379
5381
5382
5383
5386
5387
5388
5389
5392
5395
5397
5399
5400
5402
5403
5406
5407
5411
5415
5416
5417
5418
5419
5421
5424
5428
5429
5430
5432
5433
5436
5441
5443
5445
5446
5447
5449
5450
5453
5454
5455
5457
5458
5459
5460
5462
5464
5465
5466
5467
5470
5473
5476
5477
5478
5479
5480
5481
5482
5483
5487
5489
5490
5493
5494
5495
5497
5499
5500
5502
5506
5507
5508
5511
5515
5516
5518
5519
5520
5521
5523
5524
5525
5527
5530
5533
5534
5535
5537
5538
5539
5542
5544
5545
5546
5547
5550
5551
5552
5553
5557
5558
5561
5563
5564
5565
5566
5567
5568
5569
5574
5575
5577
5579
5581
5582
5583
5584
5587
5588
5590
5591
5593
5594
5595
5596
5597
5598
5601
5602
5603
5604
5606
5608
5610
5611
5615
5617
5620
5623
5628
5634
5636
5637
5638
5639
5640
5641
5642
5643
5644
5645
5646
5647
5649
5650
5653
5656
5658
5659
5661
5665
5666
5669
5671
5672
5674
5675
5676
5677
5678
5680
5682
5683
5684
5685
5689
5691
5692
5694
5697
5698
5699
5700
5701
5703
5704
5707
5710
5713
5715
5716
5718
5721
5722
5723
5727
5729
5730
5732
5733
5735
5736
5737
5738
5740
5741
5742
5743
5744
5746
5747
5748
5750
5751
5752
5754
5755
5756
5757
5758
5760
5761
5766
5767
5769
5770
5772
5773
5775
5777
5778
5780
5781
5783
5784
5785
5786
5788
5789
5790
5792
5793
5794
5795
5796
5797
5804
5805
5807
5808
5809
5810
5814
5815
5816
5817
5822
5824
5826
5828
5832
5833
5834
5835
5836
5839
5841
5843
5849
5852
5853
5854
5856
5857
5858
5859
5861
5863
5865
5866
5868
5870
5872
5876
5877
5878
5880
5881
5882
5886
5889
5891
5892
5893
5894
5896
5897
5899
5900
5901
5902
5905
5906
5908
5910
5912
5915
5917
5918
5919
5921
5922
5923
5924
5925
5927
5928
5931
5933
5934
5935
5936
5938
5939
5941
5942
5944
5945
5947
5948
5952
5953
5954
5955
5956
5957
5958
5961
5964
5965
5968
5972
5973
5974
5976
5978
5979
5980
5982
5983
5985
5986
5987
5989
5990
5994
5996
5997
5998
6000
6011
6014
6015
6017
6018
6023
6024
6026
6029
6030
6032
6033
6036
6040
6041
6042
6044
6049
6052
6053
6054
6056
6057
6058
6059
6063
6065
6066
6068
6070
6071
6072
6073
6074
6076
6077
6078
6079
6080
6081
6082
6083
6085
6086
6087
6089
6090
6091
6092
6093
6094
6095
6096
6099
6100
6101
6102
6103
6104
6107
6110
6111
6113
6114
6116
6117
6118
6121
6122
6124
6126
6127
6131
6132
6137
6138
6139
6140
6141
6142
6144
6145
6146
6147
6149
6151
6153
6154
6158
6159
6161
6163
6165
6166
6167
6169
6170
6171
6172
6173
6174
6175
6176
6177
6178
6179
6180
6181
6182
6184
6186
6188
6190
6191
6192
6198
6202
6203
6204
6205
6206
6207
6209
6210
6211
6212
6213
6219
6220
6222
6224
6225
6227
6229
6230
6232
6233
6236
6238
6239
6240
6241
6242
6243
6246
6247
6248
6249
6253
6254
6256
6258
6260
6261
6263
6265
6266
6268
6269
6273
6274
6275
6279
6280
6282
6283
6284
6286
6287
6288
6290
6291
6292
6293
6295
6296
6299
6306
6307
6310
6312
6313
6314
6315
6316
6317
6318
6321
6322
6323
6324
6326
6327
6328
6329
6331
6332
6334
6337
6342
6344
6347
6349
6351
6353
6357
6358
6359
6360
6361
6362
6365
6367
6368
6369
6370
6371
6372
6373
6376
6377
6378
6379
6380
6382
6383
6385
6386
6389
6390
6392
6393
6397
6398
6402
6403
6404
6407
6408
6409
6411
6412
6413
6414
6415
6418
6419
6421
6422
6423
6428
6429
6430
6432
6433
6434
6435
6436
6437
6439
6443
6444
6445
6447
6448
6449
6451
6452
6453
6456
6457
6458
6460
6461
6463
6464
6465
6466
6468
6469
6471
6472
6473
6474
6475
6476
6477
6480
6481
6487
6489
6491
6492
6493
6497
6498
6501
6504
6507
6510
6511
6513
6514
6517
6518
6519
6520
6524
6525
6526
6527
6528
6529
6531
6532
6533
6536
6537
6538
6539
6540
6541
6542
6544
6546
6547
6548
6555
6557
6559
6561
6568
6569
6570
6571
6572
6573
6576
6577
6579
6587
6589
6590
6591
6592
6594
6595
6596
6598
6599
6600
6601
6602
6604
6606
6608
6612
6613
6615
6616
6617
6618
6619
6623
6625
6626
6628
6629
6631
6635
6636
6643
6644
6645
6648
6649
6650
6651
6652
6653
6655
6657
6659
6660
6661
6662
6664
6667
6668
6669
6670
6671
6673
6675
6676
6677
6678
6679
6680
6681
6682
6683
6686
6687
6688
6692
6697
6698
6699
6700
6702
6704
6706
6707
6708
6709
6710
6711
6712
6714
6716
6717
6719
6720
6721
6722
6724
6725
6726
6728
6729
6734
6735
6736
6737
6738
6740
6741
6742
6746
6747
6748
6750
6754
6755
6756
6757
6758
6759
6760
6761
6762
6763
6765
6767
6770
6771
6773
6774
6776
6777
6781
6783
6785
6787
6790
6791
6792
6793
6794
6795
6798
6799
6800
6804
6806
6808
6809
6810
6811
6813
6814
6815
6816
6820
6821
6822
6823
6824
6825
6826
6828
6829
6830
6833
6834
6835
6837
6838
6840
6842
6843
6846
6847
6851
6852
6854
6855
6858
6859
6863
6864
6865
6866
6867
6869
6870
6871
6872
6873
6874
6875
6876
6877
6878
6879
6880
6882
6883
6885
6887
6889
6890
6894
6895
6896
6898
6900
6902
6903
6905
6913
6914
6920
6921
6922
6923
6924
6925
6926
6927
6928
6929
6930
6934
6935
6938
6940
6941
6942
6944
6947
6949
6950
6951
6952
6953
6954
6955
6956
6957
6959
6960
6962
6964
6966
6970
6971
6973
6977
6978
6979
6980
6981
6983
6986
6987
6988
6990
6993
6994
6995
6998
6999
7000
7002
7003
7004
7006
7007
7009
7010
7011
7013
7014
7016
7018
7019
7021
7023
7025
7026
7027
7029
7030
7031
7033
7034
7035
7036
7037
7038
7039
7040
7041
7043
7048
7049
7050
7051
7052
7053
7054
7056
7057
7058
7059
7061
7063
7064
7065
7066
7067
7069
7077
7078
7083
7084
7085
7086
7087
7088
7089
7090
7091
7092
7093
7094
7095
7096
7098
7100
7102
7104
7105
7106
7107
7108
7109
7110
7112
7114
7115
7117
7119
7120
7121
7122
7123
7124
7125
7129
7130
7131
7132
7134
7135
7136
7137
7139
7141
7142
7143
7144
7145
7146
7148
7150
7154
7157
7158
7161
7163
7164
7165
7166
7167
7171
7172
7173
7174
7175
7177
7178
7179
7182
7185
7186
7188
7190
7191
7193
7194
7195
7197
7198
7199
7200
7202
7203
7204
7207
7208
7211
7215
7216
7217
7220
7221
7222
7230
7238
7239
7241
7243
7244
7246
7249
7250
7253
7254
7255
7257
7258
7259
7260
7261
7262
7265
7267
7268
7269
7270
7271
7275
7277
7278
7280
7285
7288
7289
7290
7291
7292
7294
7295
7298
7300
7305
7307
7309
7312
7315
7316
7318
7319
7322
7323
7325
7326
7327
7328
7330
7331
7333
7337
7338
7340
7343
7344
7345
7347
7348
7349
7350
7355
7357
7358
7359
7362
7364
7367
7371
7372
7374
7375
7377
7378
7380
7381
7382
7384
7389
7390
7391
7393
7394
7397
7399
7400
7403
7404
7405
7406
7408
7409
7410
7412
7413
7414
7415
7418
7419
7421
7422
7423
7424
7425
7427
7428
7429
7432
7433
7434
7435
7436
7437
7438
7439
7440
7441
7443
7445
7446
7448
7449
7450
7452
7454
7458
7459
7460
7461
7462
7463
7464
7466
7468
7470
7471
7473
7476
7477
7478
7479
7480
7482
7485
7487
7488
7489
7492
7495
7496
7498
7499
7501
7502
7504
7505
7507
7508
7509
7510
7511
7512
7513
7514
7516
7518
7520
7521
7522
7524
7528
7530
7531
7532
7535
7537
7538
7539
7540
7541
7543
7548
7549
7551
7552
7553
7556
7557
7558
7559
7560
7562
7563
7565
7566
7567
7568
7569
7571
7572
7573
7574
7575
7576
7577
7580
7584
7587
7588
7589
7590
7591
7592
7593
7594
7595
7599
7600
