1
2
6
7
8
9
10
12
13
14
16
20
21
23
27
28
30
31
32
33
34
36
37
38
39
41
42
44
47
51
52
53
55
56
59
62
63
64
67
68
70
71
72
76
77
80
85
87
88
90
92
94
95
96
97
99
100
101
105
107
108
110
111
113
114
118
119
120
121
124
126
129
130
131
132
133
138
140
141
142
143
144
145
146
148
150
151
152
153
155
157
160
161
162
163
167
168
169
172
173
174
175
176
178
180
181
182
184
185
187
188
191
193
194
196
197
199
200
202
205
207
208
210
211
212
215
216
217
220
221
223
224
228
230
231
232
235
238
239
240
241
243
244
245
246
247
248
251
252
253
254
256
257
259
260
262
264
266
267
268
269
271
273
275
276
278
279
280
282
283
284
285
286
287
288
291
294
296
298
299
302
303
304
307
310
311
312
313
314
315
317
318
319
322
325
326
328
330
332
334
335
336
339
341
342
345
346
347
350
351
353
354
359
360
361
362
363
364
365
367
369
370
374
375
376
378
380
382
385
387
388
390
392
395
396
398
399
403
405
408
410
411
412
414
415
416
420
422
423
424
425
428
429
431
432
434
436
440
441
444
445
446
449
450
452
454
455
456
457
459
460
463
465
467
468
469
470
471
472
473
478
479
484
485
486
489
490
491
494
495
496
497
498
499
500
501
502
507
508
509
511
512
513
515
516
517
518
519
520
523
525
527
529
530
532
533
534
535
537
539
540
543
544
545
546
549
550
551
552
553
554
555
556
557
558
561
564
565
567
575
577
579
581
584
585
587
589
590
592
594
595
596
598
599
600
601
604
605
606
608
609
611
613
615
616
617
618
619
620
621
622
623
626
629
630
631
634
635
636
637
639
642
643
644
645
646
647
648
650
651
652
654
656
661
662
663
664
666
667
668
670
672
673
674
676
677
678
680
682
683
684
691
692
694
695
696
697
699
700
701
702
703
704
705
707
709
710
713
716
718
719
720
721
723
724
725
727
729
733
734
735
736
737
738
739
740
741
742
743
744
746
747
748
749
751
752
753
756
757
758
759
761
766
767
768
769
771
774
775
776
777
780
781
783
784
785
786
787
788
789
790
792
795
796
798
801
802
803
804
805
810
811
812
813
814
816
818
821
823
824
825
827
828
831
832
833
834
835
839
840
842
843
844
845
846
848
849
850
853
856
857
858
861
863
864
865
866
867
869
872
873
874
875
877
880
882
885
888
889
890
891
893
894
895
896
897
898
903
904
905
907
908
909
910
911
912
913
914
916
917
919
920
922
923
925
926
927
928
929
930
931
933
934
938
940
944
945
946
947
948
951
952
955
956
957
959
960
962
966
967
968
969
970
973
976
979
980
982
983
985
986
987
989
990
992
993
994
995
996
997
998
999
1000
1001
1005
1006
1007
1008
1009
1010
1012
1013
1016
1019
1021
1022
1023
1025
1026
1027
1028
1030
1034
1035
1036
1039
1040
1043
1044
1045
1046
1048
1049
1051
1053
1055
1057
1059
1060
1061
1063
1066
1067
1068
1070
1071
1072
1073
1074
1075
1076
1077
1078
1079
1080
1082
1084
1086
1089
1090
1091
1092
1093
1094
1095
1096
1098
1099
1100
1101
1102
1103
1106
1107
1108
1109
1110
1112
1113
1116
1118
1119
1121
1122
1123
1126
1127
1128
1129
1130
1131
1132
1133
1134
1135
1136
1140
1142
1143
1146
1147
1150
1151
1152
1153
1154
1155
1157
1158
1160
1162
1164
1166
1169
1171
1172
1174
1175
1177
1179
1180
1181
1184
1185
1187
1188
1191
1192
1198
1199
1202
1203
1204
1205
1206
1208
1209
1210
1211
1213
1214
1215
1218
1220
1222
1223
1227
1228
1230
1234
1235
1236
1237
1239
1240
1241
1242
1243
1244
1245
1246
1248
1249
1250
1251
1252
1254
1255
1256
1257
1258
1261
1262
1264
1265
1266
1267
1269
1270
1272
1274
1275
1277
1278
1279
1280
1284
1286
1287
1289
1290
1292
1293
1294
1295
1296
1297
1298
1299
1302
1303
1306
1307
1308
1310
1313
1315
1316
1320
1321
1326
1327
1328
1329
1330
1331
1333
1335
1336
1340
1341
1342
1343
1344
1347
1348
1349
1350
1352
1353
1355
1358
1359
1360
1361
1362
1363
1364
1366
1368
1369
1372
1373
1375
1376
1377
1378
1384
1388
1389
1392
1393
1394
1395
1396
1397
1400
1401
1402
1403
1406
1407
1408
1409
1410
1411
1412
1413
1416
1418
1419
1420
1422
1424
1427
1435
1438
1440
1442
1445
1446
1447
1448
1449
1450
1451
1452
1456
1461
1462
1463
1464
1465
1469
1471
1472
1473
1474
1477
1481
1483
1484
1485
1486
1489
1490
1492
1495
1496
1499
1500
1501
1502
1503
1504
1506
1507
1510
1511
1512
1517
1520
1521
1523
1525
1528
1530
1533
1534
1536
1538
1539
1540
1541
1542
1543
1544
1545
1546
1548
1549
1552
1554
1555
1558
1559
1561
1562
1563
1565
1566
1567
1572
1574
1578
1579
1581
1582
1583
1584
1585
1586
1588
1589
1591
1593
1594
1595
1597
1598
1599
1601
1602
1603
1607
1611
1612
1613
1616
1617
1619
1620
1622
1623
1624
1632
1633
1634
1636
1638
1639
1643
1644
1646
1648
1652
1654
1655
1656
1657
1658
1659
1661
1662
1663
1667
1668
1669
1670
1672
1674
1676
1677
1679
1680
1682
1683
1686
1687
1688
1691
1694
1695
1699
1700
1703
1704
1705
1706
1708
1709
1710
1711
1715
1717
1718
1719
1721
1722
1724
1725
1726
1729
1730
1731
1737
1738
1739
1741
1742
1743
1744
1746
1747
1748
1749
1751
1754
1760
1761
1763
1764
1766
1769
1770
1771
1773
1774
1775
1777
1778
1779
1781
1782
1784
1787
1790
1791
1792
1793
1797
1798
1800
1801
1802
1805
1806
1807
1808
1809
1813
1819
1821
1822
1825
1826
1828
1829
1830
1831
1833
1834
1835
1838
1840
1841
1842
1843
1844
1846
1848
1851
1853
1854
1855
1858
1859
1860
1861
1863
1865
1866
1868
1869
1870
1871
1872
1874
1881
1882
1883
1884
1885
1886
1887
1888
1889
1890
1891
1892
1893
1894
1895
1896
1897
1898
1902
1903
1905
1907
1908
1909
1910
1911
1912
1915
1920
1922
1923
1924
1927
1928
1929
1930
1931
1932
1933
1934
1935
1938
1939
1940
1943
1944
1948
1949
1951
1953
1955
1956
1957
1959
1961
1962
1963
1964
1967
1971
1973
1974
1975
1976
1978
1980
1982
1983
1985
1986
1987
1988
1989
1990
1991
1993
1997
1998
1999
2000
2001
2002
2004
2005
2006
2007
2008
2011
2012
2014
2016
2018
2019
2020
2021
2023
2024
2026
2027
2032
2033
2034
2035
2036
2037
2038
2039
2041
2042
2043
2044
2046
2050
2051
2052
2053
2058
2062
2064
2065
2068
2069
2070
2071
2073
2076
2078
2079
2080
2081
2082
2087
2088
2089
2090
2093
2094
2095
2098
2101
2102
2103
2104
2105
2109
2110
2111
2112
2113
2114
2117
2118
2119
2124
2125
2128
2129
2130
2132
2134
2135
2137
2138
2140
2141
2142
2143
2144
2145
2147
2150
2151
2152
2154
2156
2157
2158
2159
2161
2165
2169
2173
2174
2175
2177
2178
2181
2182
2184
2185
2188
2190
2191
2195
2196
2197
2198
2199
2202
2204
2207
2208
2209
2210
2211
2212
2215
2217
2218
2219
2220
2221
2222
2223
2228
2229
2232
2233
2234
2235
2236
2237
2241
2243
2244
2245
2246
2247
2248
2249
2250
2253
2254
2255
2257
2262
2263
2265
2267
2268
2269
2270
2271
2272
2273
2274
2275
2276
2278
2280
2281
2282
2285
2289
2290
2291
2292
2294
2295
2299
2300
2302
2305
2306
2307
2310
2312
2314
2317
2318
2320
2321
2324
2325
2328
2330
2332
2334
2336
2337
2338
2342
2344
2346
2347
2348
2350
2354
2356
2357
2359
2363
2364
2365
2367
2370
2371
2374
2375
2376
2377
2379
2380
2381
2383
2384
2385
2386
2387
2388
2391
2392
2396
2399
2402
2403
2404
2405
2406
2408
2409
2410
2411
2412
2413
2414
2415
2417
2418
2419
2421
2424
2426
2428
2429
2430
2431
2432
2434
2436
2437
2438
2439
2440
2443
2445
2446
2447
2448
2450
2453
2458
2459
2460
2461
2462
2463
2464
2465
2468
2469
2470
2471
2472
2473
2475
2476
2477
2478
2479
2480
2482
2487
2488
2489
2490
2492
2493
2494
2495
2496
2497
2498
2499
2500
2501
2505
2506
2507
2508
2510
2512
2514
2515
2517
2519
2521
2522
2525
2527
2528
2531
2533
2534
2535
2536
2537
2538
2542
2546
2548
2550
2554
2556
2559
2560
2561
2564
2567
2568
2569
2573
2574
2576
2577
2578
2579
2580
2581
2582
2584
2588
2590
2591
2592
2593
2594
2596
2598
2599
2601
2602
2603
2604
2607
2608
2610
2611
2614
2617
2618
2619
2620
2621
2623
2625
2627
2629
2631
2635
2637
2638
2639
2641
2644
2645
2647
2648
2649
2650
2651
2653
2654
2655
2656
2657
2658
2661
2662
2671
2672
2674
2675
2677
2678
2679
2681
2682
2683
2685
2686
2687
2690
2692
2693
2694
2695
2699
2700
2702
2703
2706
2708
2710
2711
2712
2713
2714
2715
2718
2720
2721
2722
2724
2726
2729
2731
2733
2734
2735
2736
2739
2744
2745
2746
2747
2749
2750
2751
2752
2753
2754
2756
2757
2758
2761
2762
2764
2765
2766
2768
2769
2770
2771
2775
2777
2778
2780
2781
2784
2786
2788
2789
2790
2791
2793
2798
2799
2801
2808
2811
2815
2816
2817
2818
2820
2821
2824
2825
2826
2829
2831
2834
2835
2837
2844
2845
2846
2847
2848
2849
2850
2851
2852
2853
2855
2856
2858
2859
2860
2861
2862
2863
2864
2865
2866
2867
2868
2870
2871
2876
2877
2879
2880
2881
2882
2884
2886
2888
2889
2891
2892
2894
2897
2898
2901
2902
2907
2908
2910
2911
2913
2914
2915
2916
2917
2918
2919
2921
2922
2924
2925
2926
2927
2928
2930
2934
2936
2938
2939
2941
2944
2945
2947
2948
2950
2951
2952
2953
2954
2955
2957
2958
2959
2961
2962
2965
2969
2970
2971
2972
2974
2975
2976
2978
2979
2980
2981
2983
2984
2985
2986
2988
2989
2990
2994
2995
2997
2998
2999
3000
3002
3004
3005
3006
3008
3010
3012
3016
3018
3021
3023
3026
3027
3028
3030
3031
3032
3033
3035
3037
3039
3041
3042
3043
3044
3045
3046
3047
3048
3050
3051
3052
3053
3055
3056
3057
3058
3060
3061
3062
3063
3065
3069
3071
3073
3077
3078
3079
3084
3085
3088
3089
3093
3097
3098
3099
3101
3104
3105
3108
3109
3111
3113
3116
3117
3118
3119
3121
3123
3124
3125
3128
3129
3131
3132
3133
3134
3135
3136
3140
3142
3144
3145
3146
3149
3154
3155
3156
3157
3158
3159
3160
3164
3165
3167
3171
3173
3174
3176
3177
3179
3180
3181
3184
3186
3187
3188
3189
3190
3191
3192
3193
3194
3195
3196
3197
3198
3199
3200
3201
3205
3206
3209
3210
3213
3214
3216
3217
3218
3220
3221
3222
3224
3225
3226
3228
3233
3235
3237
3238
3239
3240
3241
3242
3243
3244
3245
3246
3247
3249
3250
3251
3252
3256
3257
3258
3259
3262
3263
3264
3267
3268
3270
3271
3272
3274
3275
3277
3280
3281
3284
3285
3288
3292
3294
3296
3297
3298
3299
3301
3302
3303
3304
3305
3306
3307
3308
3311
3315
3316
3317
3318
3320
3322
3323
3324
3325
3326
3327
3328
3329
3330
3333
3335
3336
3337
3338
3339
3340
3342
3343
3347
3348
3349
3350
3352
3353
3354
3355
3356
3357
3360
3361
3363
3364
3365
3367
3369
3372
3373
3374
3377
3378
3380
3381
3384
3385
3386
3388
3391
3392
3393
3394
3395
3396
3397
3402
3403
3404
3405
3408
3409
3410
3411
3414
3417
3418
3419
3422
3425
3427
3428
3429
3431
3432
3433
3435
3436
3438
3440
3441
3442
3445
3447
3448
3449
3451
3452
3455
3456
3457
3459
3462
3463
3464
3466
3468
3469
3473
3474
3475
3476
3477
3481
3482
3483
3484
3485
3487
3488
3489
3490
3491
3492
3493
3494
3495
3497
3501
3502
3503
3504
3506
3507
3508
3510
3514
3515
3516
3518
3519
3520
3522
3524
3527
3528
3529
3531
3532
3533
3535
3538
3539
3542
3543
3544
3546
3547
3548
3549
3550
3551
3552
3553
3554
3558
3559
3560
3561
3562
3563
3565
3566
3567
3572
3573
3574
3576
3579
3581
3582
3584
3585
3586
3587
3588
3591
3592
3593
3594
3595
3596
3597
3598
3599
3601
3604
3608
3609
3611
3612
3614
3615
3616
3619
3620
3623
3624
3627
3628
3629
3630
3633
3634
3637
3638
3640
3641
3642
3644
3647
3652
3654
3655
3656
3657
3658
3659
3660
3661
3662
3664
3665
3666
3667
3671
3673
3675
3676
3681
3683
3686
3688
3689
3690
3692
3694
3696
3697
3698
3700
3701
3704
3707
3709
3710
3711
3713
3716
3718
3720
3722
3723
3725
3726
3729
3731
3732
3733
3734
3736
3737
3740
3741
3743
3744
3745
3746
3747
3749
3751
3752
3755
3756
3760
3761
3762
3763
3765
3766
3767
3768
3769
3773
3775
3777
3778
3779
3781
3782
3783
3784
3785
3787
3790
3792
3793
3794
3796
3798
3800
3802
3804
3805
3806
3808
3811
3812
3813
3818
3821
3823
3825
3826
3828
3829
3831
3835
3836
3838
3839
3844
3845
3848
3852
3856
3857
3859
3863
3864
3866
3868
3869
3870
3871
3872
3874
3875
3876
3877
3878
3880
3881
3882
3887
3888
3892
3894
3896
3899
3900
3901
3903
3907
3909
3912
3915
3921
3922
3923
3924
3925
3927
3928
3929
3932
3934
3935
3937
3938
3939
3940
3942
3943
3944
3945
3947
3949
3954
3955
3958
3962
3968
3969
3970
3972
3974
3977
3978
3979
3981
3985
3987
3988
3989
3990
3991
3993
3994
3995
3996
3999
4000
4001
4002
4003
4008
4010
4012
4013
4014
4018
4019
4021
4022
4024
4026
4028
4029
4030
4032
4035
4037
4038
4040
4042
4043
4044
4045
4046
4048
4050
4051
4052
4054
4056
4057
4060
4062
4063
4064
4065
4066
4068
4069
4070
4072
4074
4077
4079
4080
4086
4087
4092
4093
4094
4095
4096
4098
4100
4101
4102
4104
4106
4107
4111
4114
4115
4117
4119
4120
4121
4123
4127
4128
4130
4135
4137
4140
4141
4142
4143
4144
4145
4147
4148
4150
4151
4152
4154
4155
4157
4159
4160
4162
4166
4167
4168
4169
4170
4172
4174
4176
4178
4179
4180
4181
4183
4184
4185
4186
4187
4188
4189
4191
4192
4193
4194
4195
4196
4198
4200
4201
4206
4207
4209
4210
4211
4215
4217
4218
4220
4222
4223
4224
4225
4226
4228
4229
4232
4234
4238
4241
4242
4245
4246
4248
4250
4251
4253
4254
4255
4256
4258
4259
4260
4261
4262
4263
4264
4265
4266
4267
4269
4270
4272
4273
4274
4275
4276
4277
4278
4279
4280
4281
4282
4283
4286
4288
4290
4292
4294
4303
4304
4306
4309
4311
4313
4314
4316
4317
4320
4321
4323
4324
4325
4327
4328
4331
4332
4334
4335
4336
4339
4340
4343
4345
4346
4350
4357
4361
4362
4363
4366
4368
4370
4371
4373
4376
4380
4381
4384
4385
4386
4387
4388
4389
4392
4393
4394
4395
4396
4397
4399
4402
4403
4404
4405
4406
4408
4409
4411
4412
4414
4417
4419
4420
4421
4424
4428
4429
4430
4432
4433
4435
4438
4439
4440
4441
4444
4445
4447
4448
4449
4452
4453
4454
4459
4460
4462
4463
4464
4465
4468
4470
4473
4476
4477
4478
4479
4480
4482
4483
4485
4486
4489
4490
4492
4494
4495
4497
4499
4500
4501
4502
4503
4508
4510
4512
4513
4517
4518
4519
4520
4524
4525
4526
4528
4529
4530
4531
4532
4534
4537
4538
4539
4544
4547
4548
4549
4551
4552
4553
4554
4558
4559
4560
4561
4562
4564
4566
4567
4568
4569
4571
4572
4575
4577
4578
4579
4580
4581
4582
4583
4585
4586
4589
4590
4592
4595
4597
4598
4600
4601
4602
4603
4604
4605
4607
4608
4614
4615
4617
4618
4619
4621
4625
4626
4627
4630
4632
4633
4635
4636
4637
4639
4640
4641
4642
4643
4644
4645
4646
4647
4648
4650
4651
4654
4655
4656
4657
4658
4659
4660
4661
4662
4663
4665
4666
4669
4670
4674
4675
4676
4677
4681
4682
4683
4685
4686
4689
4693
4694
4695
4696
4699
4700
4701
4703
4704
4705
4706
4710
4711
4712
4713
4714
4716
4717
4718
4721
4723
4724
4725
4728
4729
4730
4731
4732
4733
4737
4738
4740
4742
4744
4745
4746
4748
4749
4751
4752
4754
4755
4756
4757
4758
4762
4763
4765
4766
4767
4768
4769
4771
4773
4774
4776
4781
4782
4784
4785
4786
4791
4800
4801
4804
4805
4806
4809
4810
4811
4812
4815
4816
4817
4819
4820
4821
4826
4827
4828
4830
4834
4837
4838
4840
4841
4842
4843
4845
4847
4849
4850
4851
4853
4854
4858
4859
4860
4862
4863
4864
4866
4867
4868
4869
4870
4871
4872
4873
4875
4876
4879
4882
4884
4886
4888
4891
4892
4893
4895
4896
4897
4898
4899
4900
4901
4902
4903
4904
4905
4906
4907
4908
4909
4910
4912
4913
4914
4915
4916
4921
4924
4925
4926
4928
4929
4932
4934
4935
4936
4938
4939
4942
4947
4949
4951
4952
4953
4955
4956
4959
4960
4961
4962
4963
4966
4968
4975
4976
4977
4978
4981
4983
4984
4990
4991
4992
4994
4995
4997
4998
4999
5001
5002
5003
5004
5005
5006
5008
5009
5011
5015
5016
5017
5022
5023
5024
5025
5026
5028
5030
5031
5032
5033
5037
5038
5040
5041
5042
5043
5046
5048
5050
5051
5052
5053
5054
5058
5059
5060
5063
5064
5065
5066
5067
5068
5070
5071
5072
5073
5076
5077
5078
5079
5081
5082
5083
5084
5088
5089
5090
5092
5093
5094
5095
5096
5098
5100
5102
5104
5105
5106
5109
5110
5113
5114
5117
5118
5119
5121
5122
5123
5124
5126
5127
5131
5132
5133
5137
5139
5140
5141
5142
5144
5146
5147
5148
5149
5152
5153
5154
5155
5157
5158
5163
5164
5165
5168
5170
5172
5173
5174
5176
5178
5179
5181
5187
5189
5192
5193
5195
5196
5197
5204
5206
5207
5208
5209
5213
5215
5220
5221
5223
5226
5227
5229
5231
5233
5234
5235
5236
5237
5242
5243
5244
5245
5246
5252
5253
5255
5257
5258
5259
5260
5261
5262
5263
5265
5266
5267
5271
5276
5277
5279
5282
5283
5284
5285
5286
5287
5289
5290
5292
5294
5295
5296
5299
5300
5302
5303
5304
5306
5307
5309
5313
5315
5316
5317
5318
5319
5320
5322
5323
5324
5326
5327
5328
5331
5332
5334
5336
5337
5340
5341
5342
5343
5347
5348
5349
5350
5353
5355
5357
5358
5359
5360
5361
5362
5364
5369
5371
5372
5376
5378
5379
5380
5381
5383
5385
5386
5388
5391
5392
5394
5397
5399
5401
5404
5405
5407
5408
5410
5411
5414
5415
5416
5420
5424
5428
5429
5430
5432
5434
5436
5438
5440
5441
5442
5443
5446
5453
5454
5455
5457
5459
5460
5461
5463
5464
5465
5466
5468
5470
5471
5472
5474
5475
5476
5477
5482
5483
5484
5486
5488
5489
5491
5492
5495
5498
5502
5503
5505
5507
5508
5509
5512
5515
5516
5518
5519
5520
5522
5523
5524
5527
5528
5529
5530
5533
5535
5536
5537
5538
5542
5545
5546
5547
5549
5550
5553
5554
5555
5559
5560
5561
5562
5564
5571
5573
5575
5580
5581
5582
5585
5586
5587
5592
5597
5598
5600
5602
5603
5604
5606
5607
5608
5609
5610
5611
5612
5613
5615
5616
5617
5619
5621
5622
5623
5624
5625
5626
5628
5629
5630
5631
5632
5633
5634
5635
5637
5638
5639
5640
5641
5644
5645
5646
5647
5650
5652
5653
5656
5658
5659
5660
5661
5662
5667
5668
5669
5670
5673
5674
5675
5676
5677
5679
5681
5682
5683
5686
5687
5688
5690
5691
5692
5693
5694
5695
5696
5697
5698
5701
5702
5703
5706
5708
5709
5710
5712
5714
5715
5718
5722
5723
5725
5727
5728
5729
5730
5732
5734
5735
5737
5738
5739
5745
5750
5752
5753
5754
5755
5757
5758
5759
5760
5761
5762
5767
5768
5769
5772
5773
5775
5778
5779
5780
5781
5782
5783
5784
5785
5788
5792
5793
5794
5795
5798
5800
5801
5802
5803
5805
5809
5810
5811
5813
5817
5819
5820
5822
5823
5825
5826
5827
5828
5829
5830
5835
5836
5837
5838
5839
5840
5842
5843
5844
5845
5848
5851
5852
5854
5855
5856
5857
5858
5861
5863
5866
5868
5869
5870
5872
5873
5874
5875
5876
5877
5882
5884
5886
5887
5888
5889
5891
5892
5894
5896
5897
5898
5899
5902
5903
5905
5906
5907
5909
5910
5911
5912
5913
5914
5916
5918
5920
5921
5922
5923
5924
5925
5926
5927
5928
5929
5930
5934
5937
5938
5941
5942
5943
5944
5945
5946
5947
5948
5951
5952
5953
5954
5955
5960
5961
5962
5965
5966
5967
5968
5973
5974
5976
5977
5978
5980
5981
5982
5983
5985
5986
5987
5988
5989
5994
5997
5998
6000
6002
6004
6005
6006
6009
6010
6011
6013
6016
6017
6018
6019
6021
6022
6023
6024
6025
6031
6032
6033
6034
6036
6038
6041
6042
6043
6048
6049
6051
6052
6053
6055
6058
6060
6062
6065
6066
6068
6069
6071
6072
6073
6074
6075
6077
6078
6079
6080
6082
6083
6085
6086
6087
6088
6089
6091
6092
6093
6095
6096
6099
6101
6102
6103
6104
6109
6111
6112
6113
6115
6117
6118
6120
6123
6127
6129
6130
6131
6136
6139
6140
6141
6142
6144
6145
6146
6149
6151
6152
6153
6155
6156
6157
6158
6159
6160
6162
6165
6166
6174
6176
6178
6179
6182
6183
6184
6185
6186
6188
6189
6191
6192
6193
6195
6198
6199
6201
6203
6204
6206
6207
6208
6209
6212
6213
6214
6215
6216
6217
6218
6220
6221
6223
6225
6227
6228
6229
6230
6231
6233
6237
6238
6241
6242
6243
6244
6246
6247
6248
6252
6256
6257
6259
6260
6265
6274
6275
6276
6278
6279
6280
6281
6285
6286
6288
6289
6291
6292
6293
6295
6297
6298
6299
6303
6305
6306
6308
6309
6310
6312
6313
6314
6315
6316
6320
6321
6322
6323
6325
6326
6327
6328
6329
6330
6334
6335
6336
6338
6339
6341
6342
6344
6345
6347
6349
6350
6351
6356
6357
6358
6360
6362
6363
6365
6367
6368
6369
6371
6372
6373
6375
6377
6378
6380
6381
6382
6383
6386
6387
6388
6392
6393
6394
6398
6401
6403
6404
6406
6409
6410
6411
6412
6413
6414
6415
6416
6417
6418
6419
6420
6421
6422
6423
6424
6425
6427
6428
6429
6431
6432
6433
6434
6435
6436
6438
6442
6445
6446
6447
6450
6452
6453
6454
6455
6458
6459
6460
6461
6462
6465
6467
6468
6469
6470
6471
6473
6474
6475
6476
6477
6479
6483
6484
6485
6486
6487
6492
6494
6496
6498
6499
6500
6501
6502
6503
6504
6505
6507
6510
6511
6513
6515
6516
6518
6520
6522
6524
6527
6528
6529
6531
6534
6535
6538
6539
6542
6543
6544
6546
6547
6548
6549
6550
6554
6555
6556
6558
6559
6561
6563
6564
6567
6569
6571
6575
6576
6578
6579
6582
6583
6586
6587
6588
6589
6590
6591
6593
6594
6596
6597
6598
6599
6602
6603
6604
6605
6606
6607
6609
6610
6611
6613
6614
6615
6616
6617
6618
6619
6620
6622
6624
6626
6627
6631
6634
6636
6638
6639
6643
6644
6645
6649
6651
6653
6654
6655
6656
6657
6660
6663
6664
6665
6667
6670
6671
6673
6677
6678
6679
6680
6681
6683
6686
6688
6689
6692
6693
6695
6696
6699
6700
6704
6705
6706
6707
6708
6709
6710
6712
6713
6716
6718
6719
6720
6721
6722
6723
6725
6726
6728
6730
6731
6734
6735
6736
6738
6739
6740
6742
6743
6744
6746
6747
6752
6753
6754
6756
6758
6759
6762
6764
6765
6766
6767
6768
6770
6771
6772
6773
6774
6775
6776
6777
6778
6779
6781
6783
6784
6786
6787
6789
6790
6791
6792
6793
6794
6795
6796
6797
6800
6801
6802
6803
6804
6805
6810
6811
6812
6814
6815
6816
6818
6819
6821
6823
6824
6826
6828
6829
6830
6832
6835
6836
6840
6841
6842
6843
6844
6846
6847
6849
6853
6854
6858
6859
6861
6862
6863
6865
6866
6867
6871
6872
6873
6874
6876
6879
6882
6884
6885
6886
6887
6888
6890
6892
6893
6894
6895
6897
6898
6899
6900
6902
6903
6904
6905
6906
6907
6909
6910
6911
6913
6914
6915
6919
6920
6921
6923
6925
6926
6927
6928
6929
6931
6932
6934
6935
6936
6937
6939
6940
6945
6946
6948
6949
6951
6953
6956
6957
6960
6962
6965
6966
6967
6968
6972
6973
6974
6976
6977
6978
6981
6982
6984
6985
6986
6987
6988
6990
6991
6993
6994
6996
6997
6998
6999
7002
7004
7006
7007
7008
7010
7011
7012
7015
7018
7019
7020
7021
7023
7024
7025
7027
7029
7030
7031
7033
7034
7035
7036
7038
7039
7040
7041
7042
7043
7044
7045
7046
7047
7049
7052
7054
7055
7058
7060
7061
7063
7064
7065
7067
7069
7070
7072
7073
7075
7076
7078
7079
7080
7081
7083
7084
7085
7087
7090
7091
7092
7093
7095
7097
7098
7100
7101
7103
7104
7106
7107
7108
7110
7111
7113
7114
7116
7117
7118
7120
7121
7123
7125
7126
7128
7130
7131
7135
7136
7138
7140
7141
7146
7147
7148
7151
7152
7153
7154
7155
7156
7158
7160
7164
7165
7166
7170
7171
7172
7173
7175
7177
7178
7179
7181
7186
7187
7189
7190
7191
7195
7196
7197
7198
7200
7202
7203
7205
7206
7211
7212
7214
7215
7217
7218
7221
7223
7224
7230
7231
7232
7234
7235
7236
7237
7238
7239
7244
7246
7247
7248
7249
7250
7252
7253
7255
7256
7258
7260
7266
7267
7268
7270
7272
7274
7279
7280
7281
7283
7284
7285
7286
7288
7290
7292
7294
7296
7297
7298
7301
7302
7303
7305
7306
7308
7310
7312
7313
7314
7316
7317
7318
7320
7321
7323
7325
7326
7328
7329
7330
7332
7336
7337
7338
7339
7343
7346
7348
7349
7352
7362
7364
7365
7368
7369
7370
7372
7373
7374
7375
7376
7378
7379
7380
7381
7382
7383
7384
7385
7388
7389
7390
7391
7392
7393
7396
7399
7400
7402
7403
7404
7405
7409
7411
7414
7415
7416
7418
7419
7420
7424
7425
7427
7429
7432
7433
7435
7436
7444
7445
7446
7449
7450
7452
7453
7455
7457
7459
7460
7461
7463
7465
7470
7475
7476
7477
7479
7480
7482
7483
7485
7488
7489
7491
7493
7494
7498
7500
7503
7504
7506
7509
7510
7512
7516
7517
7519
7521
7522
7524
7526
7528
7530
7531
7532
7534
7535
7537
7538
7540
7542
7543
7545
7546
7547
7548
7554
7555
7557
7558
7560
7563
7564
7566
7567
7568
7569
7570
7571
7572
7573
7574
7575
7577
7578
7580
7581
7583
7586
7589
7590
7591
7594
7596
7597
7599
