1
3
5
6
8
9
11
12
13
16
18
20
21
23
24
26
27
29
31
32
34
36
37
39
41
46
47
51
52
53
55
58
60
62
65
68
75
76
77
78
79
80
81
82
83
85
86
87
88
89
91
92
97
98
99
100
101
102
105
107
108
109
110
112
113
114
116
117
118
119
120
121
122
124
126
127
128
129
133
134
135
137
138
140
145
146
148
149
150
152
153
154
155
156
157
159
161
162
164
165
166
167
169
171
172
174
179
180
182
186
187
188
190
191
192
195
196
198
199
200
201
202
203
204
205
208
211
212
213
215
217
218
220
222
223
224
226
228
230
231
232
233
235
237
239
240
242
243
244
246
248
251
253
257
258
260
261
263
264
265
266
267
270
271
272
273
275
276
278
279
280
281
285
287
289
291
294
298
299
300
302
303
304
308
311
314
316
318
320
322
323
324
327
330
332
335
336
337
341
343
344
345
347
349
351
357
359
360
361
362
363
364
366
367
368
369
370
372
373
376
378
379
380
381
382
385
387
389
391
392
394
395
396
399
400
403
405
406
408
409
410
412
414
416
417
419
420
423
425
426
428
429
430
434
435
436
439
440
441
442
445
446
447
448
449
451
452
456
457
462
463
464
465
466
468
469
470
472
473
474
476
477
480
482
483
484
485
488
489
490
491
492
494
495
498
501
502
504
505
506
507
508
510
514
515
517
518
519
520
521
522
525
529
531
534
535
536
537
538
539
540
542
543
544
547
548
549
551
552
553
554
555
556
557
561
562
566
567
571
572
573
574
578
581
584
586
588
589
590
591
594
595
596
597
598
599
600
601
603
604
607
610
611
615
616
620
624
625
626
627
628
630
632
635
636
637
638
640
643
645
646
647
649
650
652
653
654
655
657
658
659
660
661
662
665
666
668
670
672
674
675
676
678
679
680
681
685
686
687
688
689
690
691
695
698
700
701
702
703
704
708
709
710
711
712
713
715
719
720
722
723
725
729
730
732
734
735
737
742
743
746
747
749
754
755
757
758
759
761
762
764
766
767
768
769
770
771
773
775
780
781
782
783
784
785
786
789
790
792
794
795
796
797
798
799
801
802
804
805
806
808
809
812
813
814
816
817
819
820
821
822
824
826
828
829
831
835
837
838
839
843
845
850
851
855
857
858
859
862
864
865
868
870
871
872
873
874
875
876
879
880
881
884
885
887
888
890
894
895
896
897
898
904
907
908
909
910
911
912
914
915
916
917
918
921
922
923
929
930
931
934
936
939
942
943
944
946
948
950
951
952
953
954
957
960
961
965
966
969
971
972
973
974
977
978
979
982
983
984
985
986
988
989
990
993
995
996
997
1000
1002
1003
1005
1006
1008
1009
1011
1012
1013
1014
1015
1016
1018
1019
1020
1021
1023
1025
1027
1028
1029
1030
1033
1034
1037
1039
1040
1043
1045
1046
1048
1049
1050
1051
1052
1055
1056
1057
1058
1059
1062
1064
1065
1066
1067
1068
1070
1072
1073
1077
1080
1082
1083
1084
1085
1086
1088
1090
1092
1095
1096
1097
1099
1100
1101
1105
1106
1108
1109
1113
1114
1115
1118
1119
1121
1124
1125
1126
1129
1130
1133
1134
1136
1137
1139
1142
1145
1146
1148
1149
1151
1152
1156
1157
1158
1160
1162
1163
1166
1168
1169
1170
1171
1172
1177
1178
1180
1181
1184
1186
1187
1189
1191
1192
1195
1196
1200
1201
1202
1203
1206
1207
1209
1210
1212
1216
1218
1221
1223
1229
1231
1232
1234
1235
1236
1239
1240
1241
1242
1244
1246
1250
1251
1253
1254
1255
1256
1258
1260
1261
1263
1265
1268
1271
1274
1275
1276
1277
1278
1279
1280
1281
1282
1283
1284
1285
1286
1288
1289
1293
1294
1295
1296
1298
1302
1304
1306
1308
1310
1315
1317
1318
1320
1321
1323
1326
1327
1328
1331
1332
1333
1335
1336
1337
1338
1339
1341
1343
1344
1349
1351
1354
1355
1362
1363
1364
1365
1367
1368
1370
1372
1373
1374
1381
1382
1383
1384
1385
1386
1388
1390
1393
1395
1396
1398
1399
1404
1406
1408
1409
1411
1413
1415
1416
1417
1418
1419
1420
1421
1422
1423
1426
1428
1429
1430
1431
1433
1435
1438
1439
1440
1442
1443
1445
1447
1450
1454
1455
1458
1460
1461
1462
1465
1466
1468
1470
1471
1473
1476
1477
1478
1479
1481
1483
1484
1485
1487
1488
1490
1491
1493
1494
1498
1499
1500
1503
1505
1506
1508
1510
1513
1514
1515
1517
1518
1519
1520
1522
1527
1528
1531
1533
1534
1539
1541
1542
1546
1547
1548
1549
1552
1555
1556
1557
1558
1560
1561
1562
1564
1565
1567
1568
1569
1570
1571
1572
1573
1574
1575
1577
1578
1579
1580
1582
1583
1585
1586
1587
1591
1593
1595
1596
1597
1599
1600
1601
1602
1603
1605
1606
1608
1609
1610
1611
1613
1617
1618
1619
1620
1623
1624
1625
1626
1627
1628
1630
1632
1633
1634
1638
1640
1642
1643
1645
1646
1648
1649
1650
1651
1652
1657
1658
1659
1662
1663
1666
1667
1670
1671
1672
1674
1675
1676
1680
1682
1683
1684
1685
1686
1687
1690
1691
1693
1694
1697
1698
1699
1700
1701
1702
1703
1704
1705
1706
1707
1708
1709
1710
1711
1712
1713
1714
1716
1717
1718
1719
1722
1723
1724
1726
1727
1728
1731
1733
1734
1735
1736
1739
1740
1741
1742
1743
1746
1747
1748
1749
1752
1755
1756
1758
1759
1760
1761
1762
1763
1764
1765
1766
1768
1769
1770
1771
1772
1773
1774
1775
1776
1777
1778
1780
1782
1784
1785
1787
1789
1790
1791
1792
1793
1794
1795
1796
1797
1798
1804
1805
1806
1807
1808
1809
1810
1811
1812
1814
1815
1818
1819
1820
1821
1822
1824
1829
1830
1833
1835
1839
1840
1842
1843
1844
1845
1847
1855
1856
1857
1859
1861
1863
1865
1867
1868
1873
1876
1877
1879
1880
1882
1883
1884
1885
1886
1887
1888
1889
1891
1892
1894
1895
1896
1898
1899
1902
1903
1904
1906
1910
1913
1914
1915
1916
1917
1918
1920
1921
1923
1924
1926
1929
1930
1931
1932
1934
1935
1937
1938
1942
1944
1945
1951
1953
1956
1958
1960
1961
1962
1963
1969
1972
1974
1975
1976
1978
1980
1981
1985
1986
1987
1988
1990
1991
1992
1993
1994
1995
1996
1997
1998
1999
2000
2001
2003
2004
2009
2010
2011
2014
2015
2016
2017
2018
2019
2023
2024
2026
2027
2030
2031
2033
2036
2039
2040
2042
2045
2046
2048
2049
2050
2051
2053
2055
2057
2058
2059
2061
2062
2065
2066
2067
2068
2069
2071
2073
2075
2077
2078
2079
2080
2083
2086
2088
2091
2092
2093
2094
2096
2097
2099
2100
2104
2105
2106
2108
2109
2111
2112
2113
2116
2117
2118
2121
2122
2123
2124
2125
2127
2128
2129
2130
2131
2135
2137
2138
2139
2140
2141
2144
2146
2148
2150
2152
2158
2159
2160
2162
2163
2164
2165
2168
2170
2174
2176
2177
2178
2179
2181
2182
2183
2184
2185
2186
2187
2188
2189
2191
2195
2196
2197
2198
2201
2202
2203
2204
2206
2207
2208
2211
2212
2214
2215
2216
2217
2219
2221
2222
2223
2224
2225
2226
2228
2229
2230
2233
2234
2235
2236
2237
2238
2239
2240
2242
2244
2245
2247
2251
2252
2253
2254
2255
2256
2257
2259
2261
2262
2263
2265
2266
2268
2269
2271
2275
2276
2277
2279
2280
2281
2284
2288
2289
2290
2291
2293
2294
2295
2296
2297
2299
2302
2305
2306
2307
2308
2309
2311
2313
2314
2315
2316
2318
2319
2320
2321
2324
2326
2328
2329
2330
2331
2332
2333
2334
2335
2336
2337
2338
2340
2341
2342
2345
2346
2347
2348
2349
2353
2354
2355
2356
2358
2360
2361
2366
2367
2370
2371
2374
2375
2377
2381
2385
2386
2388
2389
2393
2394
2395
2396
2399
2400
2401
2402
2403
2405
2406
2407
2408
2409
2411
2413
2414
2415
2416
2419
2421
2422
2425
2426
2435
2437
2439
2440
2441
2442
2444
2445
2447
2448
2451
2454
2460
2462
2463
2465
2466
2467
2468
2473
2474
2475
2476
2479
2483
2484
2485
2487
2488
2489
2490
2494
2495
2497
2499
2500
2501
2502
2503
2504
2505
2506
2507
2508
2511
2512
2513
2515
2518
2519
2521
2522
2523
2525
2528
2529
2530
2531
2532
2533
2534
2537
2538
2539
2540
2541
2542
2546
2548
2550
2551
2553
2554
2555
2556
2561
2564
2567
2568
2571
2573
2575
2576
2580
2582
2585
2589
2594
2595
2596
2597
2599
2601
2603
2604
2605
2607
2608
2609
2610
2612
2617
2619
2621
2623
2624
2625
2626
2627
2628
2629
2630
2632
2633
2635
2641
2642
2644
2645
2646
2649
2650
2655
2660
2662
2663
2665
2669
2671
2672
2673
2677
2679
2680
2681
2682
2683
2686
2687
2690
2691
2694
2696
2697
2698
2699
2701
2702
2703
2706
2707
2708
2709
2712
2713
2714
2718
2719
2721
2722
2724
2725
2726
2727
2729
2730
2731
2733
2735
2737
2741
2743
2744
2745
2748
2753
2755
2756
2758
2759
2761
2762
2763
2765
2766
2767
2772
2774
2775
2776
2778
2781
2782
2785
2786
2787
2789
2790
2791
2792
2793
2794
2797
2799
2804
2805
2806
2808
2812
2815
2816
2817
2818
2819
2820
2821
2822
2823
2825
2826
2828
2829
2830
2832
2834
2835
2836
2837
2838
2839
2842
2843
2847
2849
2850
2853
2854
2855
2856
2858
2860
2862
2866
2868
2869
2870
2871
2872
2873
2874
2875
2876
2878
2882
2883
2885
2888
2889
2892
2894
2895
2896
2899
2900
2904
2905
2906
2907
2908
2910
2912
2913
2915
2918
2919
2921
2924
2925
2926
2927
2928
2929
2930
2931
2933
2934
2938
2940
2943
2944
2945
2946
2947
2948
2949
2950
2951
2954
2955
2958
2959
2960
2961
2962
2963
2964
2965
2966
2972
2973
2975
2976
2977
2980
2981
2984
2986
2987
2990
2993
2994
2995
2996
2997
3002
3003
3004
3006
3008
3009
3011
3014
3015
3016
3017
3019
3021
3023
3024
3025
3026
3029
3033
3034
3036
3037
3038
3039
3040
3041
3042
3043
3044
3045
3046
3051
3054
3055
3056
3057
3059
3061
3062
3064
3065
3067
3068
3071
3072
3075
3076
3077
3080
3083
3084
3085
3087
3088
3089
3093
3094
3095
3097
3102
3103
3104
3105
3106
3108
3109
3110
3113
3116
3117
3120
3121
3123
3125
3130
3132
3133
3134
3136
3137
3138
3141
3142
3143
3144
3146
3148
3149
3150
3151
3152
3154
3155
3156
3159
3160
3161
3163
3169
3170
3171
3172
3173
3174
3175
3177
3179
3180
3181
3182
3183
3187
3192
3193
3194
3195
3196
3197
3198
3200
3201
3202
3204
3205
3206
3207
3209
3213
3214
3215
3216
3217
3219
3222
3223
3224
3225
3228
3229
3232
3233
3235
3236
3237
3238
3239
3240
3241
3244
3245
3246
3248
3250
3257
3258
3259
3261
3262
3263
3267
3268
3273
3275
3276
3278
3281
3282
3283
3284
3285
3286
3287
3288
3289
3290
3291
3293
3294
3296
3300
3301
3302
3303
3305
3306
3307
3308
3309
3311
3312
3313
3315
3316
3317
3319
3321
3322
3323
3324
3325
3328
3330
3331
3332
3334
3335
3336
3337
3338
3342
3343
3344
3345
3346
3350
3353
3354
3355
3359
3360
3361
3365
3366
3367
3371
3375
3376
3377
3378
3379
3380
3381
3382
3384
3386
3388
3391
3392
3396
3397
3398
3399
3400
3401
3404
3406
3407
3408
3410
3411
3412
3413
3414
3416
3417
3418
3421
3422
3424
3426
3429
3430
3431
3432
3435
3436
3437
3438
3442
3444
3447
3448
3449
3450
3452
3453
3454
3455
3457
3458
3460
3461
3462
3463
3465
3468
3469
3471
3472
3473
3474
3475
3476
3478
3481
3483
3484
3485
3489
3493
3494
3501
3504
3505
3506
3510
3513
3514
3518
3519
3520
3521
3523
3526
3527
3528
3529
3531
3532
3533
3534
3535
3536
3539
3540
3541
3542
3544
3545
3546
3547
3549
3550
3552
3553
3554
3557
3558
3562
3563
3565
3566
3567
3569
3570
3571
3572
3573
3575
3576
3578
3580
3582
3583
3584
3585
3588
3589
3590
3591
3593
3594
3595
3601
3607
3608
3609
3611
3614
3616
3617
3618
3619
3620
3622
3623
3625
3627
3628
3630
3631
3632
3633
3635
3637
3638
3639
3641
3642
3645
3646
3649
3650
3651
3656
3657
3659
3660
3661
3662
3664
3665
3667
3668
3669
3672
3673
3675
3676
3677
3678
3679
3680
3682
3684
3685
3686
3687
3688
3693
3695
3696
3698
3699
3700
3704
3705
3707
3708
3709
3710
3714
3717
3718
3719
3721
3723
3725
3728
3729
3730
3731
3733
3735
3736
3738
3739
3740
3742
3743
3745
3746
3748
3753
3754
3757
3758
3761
3762
3764
3765
3768
3769
3771
3772
3774
3775
3777
3778
3780
3782
3783
3784
3785
3786
3788
3791
3792
3794
3795
3796
3797
3798
3799
3803
3805
3806
3807
3808
3809
3812
3813
3816
3817
3818
3819
3821
3822
3824
3825
3826
3827
3828
3830
3832
3834
3835
3836
3838
3840
3841
3843
3844
3845
3846
3847
3850
3851
3852
3854
3855
3856
3857
3859
3860
3863
3866
3867
3868
3870
3871
3873
3874
3875
3879
3883
3884
3885
3886
3889
3891
3892
3894
3895
3899
3901
3902
3903
3904
3905
3906
3908
3912
3916
3917
3920
3921
3923
3925
3926
3927
3929
3931
3938
3939
3940
3941
3945
3948
3949
3951
3952
3954
3955
3958
3959
3961
3962
3965
3966
3967
3968
3969
3971
3972
3973
3974
3976
3977
3978
3980
3983
3984
3985
3986
3987
3992
3993
3995
3996
3997
3998
3999
4001
4002
4003
4004
4005
4006
4007
4008
4009
4010
4011
4013
4014
4015
4016
4018
4022
4023
4024
4025
4026
4027
4028
4029
4030
4031
4032
4033
4034
4041
4042
4044
4045
4047
4048
4049
4055
4056
4058
4059
4061
4062
4063
4064
4065
4066
4067
4070
4074
4075
4076
4077
4083
4084
4086
4087
4089
4090
4091
4092
4093
4094
4095
4096
4097
4101
4102
4103
4105
4106
4111
4115
4118
4121
4123
4124
4126
4127
4128
4129
4130
4131
4132
4133
4134
4135
4139
4142
4143
4147
4148
4149
4150
4151
4154
4156
4157
4160
4163
4167
4168
4169
4170
4174
4175
4177
4179
4181
4184
4186
4187
4188
4189
4191
4193
4194
4197
4198
4202
4203
4205
4206
4209
4211
4214
4216
4217
4218
4220
4221
4222
4223
4224
4226
4228
4231
4232
4234
4235
4236
4240
4241
4244
4245
4249
4250
4251
4256
4259
4260
4261
4262
4263
4266
4268
4269
4273
4274
4275
4282
4285
4287
4288
4289
4292
4293
4294
4295
4296
4297
4299
4300
4301
4302
4303
4304
4305
4308
4309
4310
4311
4312
4313
4314
4315
4316
4317
4318
4319
4321
4322
4324
4326
4329
4330
4331
4332
4333
4334
4335
4336
4337
4338
4339
4340
4342
4345
4346
4349
4351
4352
4353
4354
4355
4356
4359
4360
4362
4363
4367
4368
4370
4371
4372
4375
4376
4378
4379
4381
4384
4385
4386
4388
4389
4390
4391
4392
4393
4399
4400
4401
4402
4404
4405
4406
4407
4408
4412
4413
4414
4415
4417
4419
4420
4421
4422
4423
4424
4427
4428
4429
4430
4432
4433
4435
4436
4438
4440
4441
4443
4448
4449
4450
4451
4452
4453
4455
4457
4458
4460
4461
4462
4463
4466
4470
4471
4472
4473
4475
4477
4478
4479
4480
4483
4484
4487
4491
4492
4493
4495
4496
4498
4499
4503
4504
4505
4507
4508
4511
4514
4515
4516
4518
4520
4521
4523
4525
4527
4528
4531
4533
4537
4538
4541
4542
4544
4545
4546
4547
4550
4553
4555
4556
4557
4558
4559
4561
4562
4564
4568
4570
4571
4572
4573
4574
4577
4578
4580
4581
4583
4587
4588
4589
4592
4594
4595
4599
4601
4602
4603
4609
4611
4612
4614
4615
4616
4617
4618
4619
4620
4625
4629
4630
4631
4632
4633
4634
4636
4637
4638
4639
4640
4643
4644
4645
4646
4647
4648
4649
4653
4655
4661
4663
4665
4666
4668
4669
4670
4671
4674
4676
4677
4678
4679
4680
4681
4682
4683
4684
4686
4687
4688
4690
4691
4692
4693
4695
4696
4697
4698
4700
4701
4702
4703
4704
4706
4708
4709
4712
4713
4714
4715
4716
4717
4718
4719
4721
4725
4726
4728
4729
4732
4734
4736
4737
4738
4739
4740
4741
4742
4743
4744
4745
4748
4753
4756
4757
4759
4760
4761
4763
4764
4765
4766
4768
4769
4771
4772
4774
4776
4779
4780
4783
4787
4788
4789
4790
4791
4795
4796
4797
4798
4799
4800
4802
4804
4805
4806
4808
4809
4811
4813
4816
4818
4823
4827
4830
4833
4836
4838
4841
4843
4845
4846
4847
4849
4850
4851
4852
4853
4855
4861
4862
4864
4868
4870
4872
4874
4875
4877
4878
4880
4881
4882
4883
4885
4887
4888
4890
4891
4892
4893
4895
4896
4898
4899
4901
4903
4904
4906
4908
4909
4910
4911
4912
4913
4915
4918
4921
4922
4924
4925
4927
4928
4931
4933
4934
4935
4937
4938
4939
4942
4943
4944
4945
4946
4947
4948
4949
4951
4954
4957
4958
4960
4961
4962
4964
4965
4967
4968
4969
4971
4973
4974
4975
4976
4977
4978
4980
4981
4983
4984
4985
4986
4989
4990
4991
4993
4994
4995
4997
4998
4999
5000
5001
5002
5003
5008
5009
5010
5011
5012
5013
5014
5017
5018
5020
5021
5022
5023
5025
5026
5027
5029
5034
5035
5037
5040
5042
5046
5048
5050
5052
5053
5054
5055
5056
5057
5059
5064
5065
5066
5068
5069
5070
5071
5072
5073
5074
5075
5076
5077
5080
5081
5085
5086
5087
5088
5089
5091
5095
5096
5097
5098
5099
5100
5101
5103
5104
5105
5108
5111
5113
5115
5116
5117
5120
5121
5122
5124
5127
5131
5132
5134
5135
5137
5138
5141
5143
5144
5145
5148
5149
5151
5152
5156
5157
5158
5159
5160
5161
5162
5163
5164
5168
5169
5175
5178
5180
5181
5182
5183
5189
5190
5191
5192
5193
5195
5196
5197
5198
5199
5200
5202
5204
5205
5206
5207
5208
5212
5214
5215
5216
5217
5218
5222
5224
5225
5227
5229
5230
5231
5232
5233
5234
5237
5238
5239
5241
5245
5246
5247
5249
5250
5251
5253
5255
5256
5257
5259
5261
5262
5263
5264
5265
5266
5269
5271
5274
5275
5276
5278
5279
5281
5282
5286
5290
5291
5293
5294
5295
5296
5297
5298
5299
5300
5301
5302
5303
5304
5305
5306
5307
5308
5309
5310
5311
5314
5315
5318
5319
5320
5321
5322
5325
5326
5327
5328
5329
5330
5331
5332
5333
5336
5338
5346
5347
5348
5350
5351
5354
5355
5357
5359
5360
5361
5362
5364
5365
5368
5370
5371
5372
5373
5377
5379
5380
5382
5384
5385
5386
5387
5388
5389
5390
5391
5392
5393
5395
5398
5400
5401
5402
5403
5405
5406
5407
5408
5409
5410
5413
5414
5415
5416
5417
5418
5420
5423
5424
5425
5426
5427
5428
5430
5431
5432
5433
5435
5436
5437
5439
5440
5442
5443
5446
5447
5450
5451
5452
5454
5456
5457
5458
5460
5461
5462
5464
5465
5466
5469
5470
5471
5473
5476
5477
5483
5486
5488
5489
5490
5497
5498
5499
5500
5501
5505
5507
5508
5509
5510
5511
5513
5515
5517
5519
5523
5524
5526
5527
5530
5531
5534
5535
5536
5540
5541
5544
5545
5548
5549
5550
5552
5557
5558
5559
5561
5562
5563
5564
5565
5566
5567
5568
5569
5571
5572
5575
5576
5578
5580
5582
5584
5585
5586
5587
5588
5589
5591
5594
5595
5597
5599
5600
5602
5603
5604
5606
5608
5609
5610
5614
5615
5618
5619
5620
5621
5625
5628
5629
5635
5636
5637
5639
5641
5642
5643
5644
5646
5649
5651
5657
5661
5662
5664
5665
5666
5667
5668
5669
5670
5672
5673
5674
5675
5678
5679
5681
5682
5683
5685
5686
5688
5694
5695
5696
5698
5700
5701
5702
5703
5704
5705
5707
5710
5711
5713
5714
5715
5717
5718
5719
5720
5721
5723
5724
5726
5727
5728
5730
5731
5734
5735
5737
5741
5742
5744
5745
5746
5748
5749
5751
5752
5753
5754
5755
5757
5758
5760
5761
5762
5764
5766
5767
5768
5769
5773
5775
5778
5779
5780
5782
5783
5784
5786
5789
5791
5792
5793
5794
5795
5797
5800
5801
5802
5803
5804
5805
5806
5807
5808
5809
5812
5813
5814
5815
5816
5817
5819
5821
5822
5825
5826
5827
5829
5833
5834
5835
5836
5838
5840
5841
5842
5843
5844
5846
5847
5848
5849
5850
5852
5853
5855
5857
5861
5862
5863
5864
5867
5871
5872
5879
5883
5884
5886
5889
5891
5893
5895
5896
5897
5898
5899
5901
5903
5904
5905
5906
5908
5909
5910
5911
5912
5913
5916
5918
5922
5923
5925
5926
5927
5928
5929
5930
5933
5936
5937
5938
5940
5942
5943
5945
5946
5949
5950
5951
5953
5956
5957
5960
5961
5962
5963
5967
5969
5970
5971
5973
5974
5975
5977
5978
5983
5984
5987
5988
5989
5991
5992
5993
5997
5999
6000
6002
6003
6004
6005
6006
6007
6009
6010
6011
6015
6016
6017
6018
6020
6021
6026
6027
6028
6029
6030
6031
6032
6035
6037
6038
6039
6041
6042
6043
6044
6045
6047
6049
6051
6052
6053
6054
6056
6058
6059
6062
6063
6064
6066
6067
6068
6069
6072
6074
6077
6078
6080
6081
6084
6085
6086
6087
6088
6089
6091
6094
6095
6096
6097
6098
6099
6100
6101
6103
6104
6105
6107
6109
6113
6114
6115
6116
6118
6119
6120
6121
6122
6123
6125
6126
6127
6128
6133
6135
6137
6138
6142
6146
6147
6149
6153
6155
6156
6157
6158
6160
6162
6164
6165
6166
6167
6168
6169
6170
6173
6175
6176
6177
6178
6182
6184
6185
6186
6187
6188
6189
6192
6193
6195
6196
6197
6198
6200
6203
6205
6208
6209
6210
6212
6214
6217
6220
6221
6222
6223
6224
6225
6226
6227
6228
6229
6232
6233
6235
6238
6239
6242
6243
6245
6248
6249
6251
6255
6259
6260
6261
6262
6264
6267
6269
6270
6271
6272
6273
6274
6275
6276
6277
6278
6279
6280
6281
6286
6288
6290
6291
6292
6293
6294
6298
6299
6300
6301
6303
6304
6306
6311
6312
6313
6315
6316
6317
6318
6319
6321
6322
6323
6326
6327
6328
6330
6331
6332
6334
6337
6338
6339
6341
6342
6343
6345
6346
6348
6353
6355
6356
6357
6359
6361
6363
6366
6368
6370
6371
6372
6373
6375
6376
6377
6378
6380
6385
6386
6387
6389
6391
6393
6394
6395
6396
6397
6398
6399
6400
6402
6403
6407
6408
6410
6412
6414
6416
6419
6420
6421
6422
6424
6426
6427
6428
6429
6433
6434
6435
6436
6437
6438
6440
6441
6442
6444
6445
6447
6448
6450
6451
6453
6454
6455
6456
6457
6458
6459
6460
6462
6463
6464
6467
6468
6469
6470
6472
6474
6476
6479
6480
6481
6482
6483
6484
6485
6487
6488
6489
6490
6492
6493
6494
6497
6499
6502
6503
6504
6505
6506
6508
6509
6511
6514
6515
6517
6521
6522
6523
6525
6526
6529
6531
6534
6536
6537
6538
6539
6540
6541
6542
6543
6544
6545
6547
6548
6549
6552
6553
6555
6556
6557
6558
6559
6561
6562
6567
6568
6570
6573
6574
6577
6578
6579
6580
6587
6591
6592
6593
6594
6595
6597
6600
6601
6604
6606
6607
6608
6609
6610
6611
6612
6616
6617
6618
6619
6620
6621
6627
6628
6629
6632
6633
6634
6635
6636
6639
6640
6642
6643
6645
6649
6650
6651
6652
6653
6654
6655
6656
6657
6658
6659
6660
6663
6664
6666
6669
6670
6671
6673
6677
6678
6680
6681
6686
6687
6688
6690
6691
6692
6693
6694
6695
6696
6698
6700
6701
6703
6705
6709
6710
6712
6713
6716
6719
6720
6722
6723
6725
6726
6727
6728
6731
6732
6735
6738
6740
6741
6742
6743
6746
6747
6748
6749
6751
6752
6753
6754
6756
6757
6758
6761
6762
6764
6765
6769
6772
6773
6775
6777
6778
6780
6781
6782
6783
6784
6785
6786
6787
6790
6791
6792
6793
6794
6795
6796
6797
6798
6799
6800
6802
6806
6808
6811
6813
6814
6816
6817
6823
6824
6825
6827
6831
6833
6834
6836
6837
6838
6839
6840
6841
6843
6845
6851
6852
6853
6856
6859
6860
6861
6862
6863
6865
6866
6867
6872
6875
6876
6877
6878
6879
6880
6882
6883
6885
6890
6891
6893
6894
6895
6896
6897
6898
6900
6901
6904
6905
6906
6907
6909
6910
6912
6913
6914
6915
6916
6920
6922
6924
6925
6926
6927
6929
6931
6933
6934
6936
6938
6940
6941
6945
6946
6950
6952
6953
6954
6956
6958
6959
6960
6961
6964
6968
6971
6972
6974
6979
6980
6981
6982
6983
6984
6985
6986
6990
6991
6992
6993
6995
6997
6998
7000
7002
7005
7006
7008
7009
7010
7011
7012
7013
7014
7015
7016
7017
7018
7020
7022
7025
7026
7027
7028
7029
7030
7031
7033
7034
7035
7036
7037
7039
7040
7042
7044
7046
7047
7049
7052
7053
7054
7055
7056
7057
7058
7060
7062
7063
7064
7066
7069
7070
7073
7074
7075
7076
7078
7079
7080
7081
7082
7083
7084
7088
7089
7090
7091
7094
7095
7097
7098
7099
7102
7103
7104
7105
7106
7107
7108
7110
7112
7114
7115
7116
7117
7120
7121
7122
7126
7127
7129
7131
7132
7133
7135
7139
7140
7141
7143
7145
7149
7150
7152
7153
7155
7157
7161
7162
7166
7167
7168
7174
7177
7179
7182
7183
7185
7186
7187
7191
7192
7193
7194
7195
7197
7199
7201
7203
7207
7208
7209
7212
7214
7215
7216
7217
7219
7220
7222
7223
7224
7225
7226
7227
7228
7229
7230
7231
7232
7233
7235
7239
7240
7241
7242
7244
7249
7250
7251
7252
7253
7254
7256
7257
7258
7259
7260
7265
7269
7270
7271
7274
7276
7277
7280
7281
7282
7284
7285
7292
7293
7297
7299
7300
7301
7302
7304
7305
7306
7308
7310
7312
7313
7315
7316
7319
7320
7321
7322
7325
7326
7327
7331
7332
7336
7338
7339
7341
7343
7344
7345
7346
7347
7348
7350
7351
7352
7353
7354
7357
7358
7360
7362
7364
7365
7366
7367
7369
7373
7375
7377
7379
7380
7382
7383
7385
7387
7391
7393
7396
7397
7400
7405
7407
7410
7413
7417
7418
7419
7420
7421
7424
7428
7429
7431
7433
7436
7437
7438
7439
7441
7442
7443
7444
7445
7447
7448
7449
7450
7454
7457
7458
7459
7460
7462
7464
7465
7466
7467
7471
7472
7473
7475
7476
7478
7479
7480
7481
7482
7483
7484
7485
7486
7490
7492
7493
7494
7495
7498
7499
7500
7503
7504
7505
7506
7508
7509
7511
7513
7514
7515
7518
7525
7528
7529
7530
7531
7532
7533
7534
7535
7536
7537
7538
7541
7543
7545
7549
7551
7552
7553
7554
7556
7558
7560
7563
7564
7565
7566
7567
7568
7569
7570
7573
7574
7576
7578
7579
7581
7584
7585
7586
7589
7590
7592
7597
7599
