1
2
3
4
5
6
8
9
10
13
14
16
17
19
21
22
23
24
27
29
31
32
33
34
37
38
39
40
41
43
45
47
48
49
50
53
55
57
58
61
63
64
65
66
67
68
69
70
71
72
76
82
84
86
88
89
90
95
96
97
98
100
101
102
103
106
107
108
110
111
113
115
116
117
118
119
121
122
123
124
125
126
127
130
132
133
134
138
139
140
141
144
146
149
150
152
153
154
160
163
165
168
169
170
171
172
174
175
176
177
178
184
186
187
188
190
192
193
194
195
196
198
199
200
201
203
208
212
214
215
216
218
220
221
223
226
228
229
231
233
234
235
240
243
244
246
250
252
256
257
259
260
264
267
269
270
271
272
275
276
279
280
282
284
289
293
297
298
299
300
304
306
308
309
310
312
314
315
316
317
320
322
323
325
326
327
328
331
332
333
339
340
343
344
345
346
347
348
350
351
353
356
360
361
366
367
368
369
370
371
373
374
375
376
381
382
383
387
390
392
393
397
398
404
407
408
411
414
415
416
418
419
420
421
422
423
425
428
429
430
431
433
434
435
436
438
439
440
443
446
448
449
450
451
452
455
456
457
460
463
465
466
467
468
470
471
472
473
474
475
477
479
480
484
486
488
489
490
491
493
494
495
496
498
499
500
501
502
504
511
512
513
514
516
517
519
520
521
522
523
524
525
530
532
535
536
537
538
541
542
543
544
549
550
555
556
557
563
564
565
567
570
571
572
573
575
576
577
578
581
582
585
587
588
590
591
594
595
596
598
599
600
601
602
603
604
605
606
608
609
610
611
612
613
616
619
620
621
622
623
625
626
627
632
635
636
637
638
640
641
642
644
645
648
658
659
664
666
670
671
675
676
677
681
682
683
685
687
688
694
695
697
699
701
703
704
708
709
710
711
712
714
715
722
723
726
733
734
736
738
739
741
742
745
746
747
750
751
753
754
756
757
759
760
761
763
764
766
767
770
773
774
775
777
778
779
781
784
785
788
789
790
791
797
798
799
800
802
808
810
811
812
816
818
819
820
823
824
825
826
827
829
832
833
834
836
837
842
843
844
845
846
849
855
856
858
859
861
864
866
867
868
869
870
871
872
873
876
877
879
880
881
882
883
884
889
890
891
893
894
895
896
897
898
899
904
906
910
912
913
915
918
925
926
927
929
931
932
933
935
936
938
940
943
944
945
948
949
952
953
954
956
957
958
960
961
962
966
967
970
971
972
974
975
977
978
979
980
981
982
984
985
989
992
994
995
997
998
1000
1002
1006
1007
1008
1010
1011
1012
1013
1015
1016
1017
1018
1019
1020
1023
1024
1025
1027
1031
1035
1038
1039
1040
1041
1043
1044
1046
1050
1052
1054
1056
1058
1059
1060
1061
1065
1067
1069
1071
1072
1073
1074
1075
1077
1078
1080
1081
1082
1085
1086
1087
1089
1090
1091
1092
1094
1096
1097
1098
1099
1100
1103
1104
1105
1106
1107
1109
1111
1114
1117
1120
1121
1124
1127
1128
1129
1135
1136
1137
1138
1140
1141
1143
1145
1146
1148
1149
1150
1151
1152
1153
1157
1158
1160
1161
1162
1163
1164
1167
1168
1169
1170
1172
1174
1176
1178
1180
1182
1183
1185
1187
1188
1189
1190
1191
1193
1200
1201
1202
1204
1205
1206
1207
1209
1210
1212
1213
1214
1215
1217
1219
1220
1221
1222
1224
1225
1228
1229
1231
1233
1234
1235
1238
1239
1240
1241
1245
1246
1247
1248
1249
1250
1251
1254
1257
1258
1260
1261
1262
1263
1264
1266
1267
1268
1271
1272
1274
1275
1276
1277
1278
1279
1280
1281
1282
1283
1284
1286
1287
1289
1290
1293
1294
1295
1297
1298
1299
1301
1304
1305
1306
1313
1316
1317
1318
1319
1321
1322
1323
1325
1326
1327
1328
1329
1330
1331
1332
1333
1334
1338
1340
1344
1345
1346
1348
1349
1351
1353
1354
1355
1359
1360
1362
1363
1364
1367
1368
1370
1371
1372
1373
1375
1376
1377
1379
1383
1384
1387
1388
1389
1390
1391
1392
1393
1395
1398
1399
1401
1402
1403
1407
1409
1411
1412
1413
1414
1416
1417
1419
1420
1421
1424
1425
1428
1430
1431
1432
1434
1435
1438
1441
1442
1443
1444
1445
1446
1449
1450
1451
1452
1454
1456
1457
1459
1461
1462
1463
1465
1467
1468
1471
1473
1474
1475
1476
1477
1478
1481
1483
1485
1486
1490
1492
1493
1494
1496
1497
1499
1500
1501
1502
1504
1505
1506
1507
1508
1510
1511
1512
1513
1515
1516
1518
1520
1521
1523
1524
1525
1526
1527
1528
1529
1531
1532
1537
1538
1540
1541
1542
1543
1544
1545
1546
1547
1548
1549
1550
1554
1556
1558
1562
1563
1564
1567
1568
1569
1571
1572
1574
1575
1577
1578
1579
1580
1581
1582
1583
1585
1589
1592
1593
1594
1595
1596
1598
1599
1600
1601
1602
1603
1604
1605
1606
1608
1611
1614
1615
1616
1617
1620
1621
1626
1627
1628
1629
1630
1632
1635
1637
1638
1639
1641
1644
1648
1650
1651
1652
1653
1654
1655
1656
1658
1661
1663
1664
1666
1667
1668
1672
1673
1675
1678
1680
1681
1682
1684
1685
1686
1687
1690
1691
1693
1694
1696
1698
1700
1701
1702
1703
1709
1710
1711
1716
1718
1721
1722
1723
1725
1726
1727
1728
1729
1731
1733
1735
1736
1737
1738
1739
1740
1743
1744
1746
1748
1749
1752
1756
1757
1759
1761
1762
1764
1765
1767
1771
1772
1773
1775
1776
1778
1779
1780
1782
1783
1785
1787
1788
1789
1791
1793
1794
1795
1796
1799
1802
1803
1804
1805
1806
1812
1813
1814
1817
1819
1820
1822
1823
1824
1826
1828
1832
1833
1834
1840
1841
1842
1843
1844
1845
1846
1847
1848
1849
1850
1851
1853
1854
1855
1857
1861
1866
1867
1868
1873
1874
1875
1879
1880
1881
1882
1883
1884
1885
1886
1888
1889
1892
1897
1900
1901
1903
1905
1906
1909
1911
1912
1915
1916
1917
1919
1920
1921
1924
1926
1927
1928
1929
1930
1932
1933
1934
1935
1937
1938
1940
1943
1944
1945
1946
1947
1948
1950
1951
1952
1953
1954
1955
1957
1958
1959
1964
1967
1972
1974
1977
1980
1981
1982
1983
1984
1985
1986
1988
1989
1990
1991
1992
1995
1996
2001
2004
2006
2007
2010
2013
2014
2015
2017
2020
2021
2023
2024
2025
2026
2027
2030
2031
2033
2036
2038
2040
2041
2042
2043
2045
2047
2050
2052
2053
2054
2055
2056
2059
2060
2062
2063
2064
2065
2066
2068
2072
2074
2075
2076
2078
2079
2080
2081
2082
2083
2084
2085
2088
2091
2093
2096
2097
2099
2100
2103
2104
2106
2107
2109
2110
2111
2114
2116
2117
2118
2121
2122
2123
2124
2126
2127
2129
2130
2131
2132
2133
2135
2136
2140
2141
2142
2143
2145
2146
2147
2149
2150
2152
2154
2155
2157
2158
2159
2160
2161
2162
2164
2165
2166
2167
2168
2169
2170
2171
2172
2175
2176
2177
2178
2179
2181
2182
2185
2186
2188
2191
2194
2195
2201
2203
2205
2206
2207
2208
2210
2212
2213
2214
2215
2218
2219
2221
2222
2224
2225
2226
2229
2230
2232
2233
2236
2238
2239
2241
2242
2244
2245
2248
2249
2250
2252
2254
2255
2257
2258
2259
2261
2262
2264
2265
2266
2267
2268
2270
2273
2274
2275
2276
2277
2279
2280
2282
2283
2284
2286
2287
2288
2291
2292
2293
2294
2295
2298
2299
2301
2302
2303
2305
2307
2309
2310
2311
2313
2314
2315
2316
2319
2321
2322
2323
2327
2328
2329
2330
2332
2333
2334
2335
2336
2337
2339
2340
2341
2343
2346
2347
2350
2351
2352
2353
2354
2355
2357
2358
2359
2361
2362
2364
2365
2366
2371
2372
2373
2374
2375
2376
2379
2380
2381
2382
2383
2386
2387
2390
2393
2395
2399
2400
2404
2405
2406
2408
2409
2410
2411
2412
2413
2415
2416
2417
2419
2420
2421
2422
2423
2425
2428
2429
2430
2431
2432
2435
2438
2439
2441
2442
2445
2448
2449
2450
2451
2452
2453
2454
2455
2459
2460
2461
2462
2463
2464
2471
2473
2476
2480
2481
2482
2483
2485
2486
2487
2488
2490
2491
2492
2493
2496
2498
2499
2504
2506
2507
2510
2511
2512
2513
2514
2518
2520
2522
2524
2526
2529
2530
2531
2532
2533
2534
2535
2536
2537
2539
2541
2542
2543
2547
2548
2549
2550
2551
2553
2557
2558
2560
2562
2563
2564
2565
2568
2569
2570
2572
2574
2575
2576
2577
2578
2580
2582
2583
2587
2588
2591
2593
2594
2595
2596
2597
2598
2602
2603
2604
2605
2606
2607
2610
2612
2613
2615
2616
2624
2625
2626
2629
2630
2632
2633
2634
2636
2637
2638
2639
2640
2641
2643
2645
2648
2649
2650
2653
2655
2656
2657
2658
2659
2660
2661
2662
2663
2666
2667
2670
2671
2673
2677
2678
2679
2681
2682
2683
2684
2688
2690
2691
2693
2694
2695
2696
2697
2698
2703
2705
2708
2710
2711
2712
2715
2718
2720
2722
2723
2724
2725
2726
2727
2728
2730
2732
2734
2736
2739
2741
2742
2744
2746
2747
2748
2749
2750
2751
2752
2755
2756
2759
2760
2761
2762
2763
2765
2766
2768
2769
2771
2772
2773
2774
2775
2781
2782
2790
2791
2792
2793
2794
2795
2796
2797
2798
2799
2800
2801
2802
2804
2806
2808
2810
2811
2813
2814
2815
2816
2818
2820
2822
2823
2824
2825
2826
2827
2828
2829
2830
2831
2832
2834
2835
2836
2838
2839
2840
2841
2842
2844
2846
2847
2848
2849
2850
2853
2858
2861
2862
2866
2867
2869
2870
2872
2873
2874
2877
2878
2879
2880
2882
2884
2890
2891
2894
2896
2897
2898
2899
2900
2902
2903
2907
2908
2909
2910
2912
2913
2914
2915
2916
2918
2919
2922
2924
2925
2926
2929
2931
2932
2933
2934
2935
2936
2937
2939
2940
2942
2944
2945
2946
2947
2949
2951
2952
2953
2955
2959
2960
2963
2964
2965
2968
2970
2974
2976
2977
2979
2980
2981
2982
2984
2990
2991
2993
2994
2996
2997
2998
2999
3000
3003
3005
3006
3007
3009
3010
3011
3012
3013
3015
3016
3017
3019
3022
3024
3025
3027
3028
3029
3030
3034
3036
3037
3038
3039
3040
3042
3043
3045
3047
3048
3049
3051
3052
3053
3054
3055
3056
3058
3060
3061
3062
3063
3065
3068
3069
3072
3073
3074
3075
3076
3079
3080
3081
3082
3083
3084
3085
3086
3088
3090
3091
3093
3095
3096
3098
3099
3100
3101
3102
3103
3104
3107
3110
3112
3114
3117
3119
3124
3125
3127
3130
3133
3134
3135
3136
3139
3140
3141
3142
3143
3144
3146
3147
3148
3150
3151
3152
3154
3155
3159
3163
3164
3165
3167
3168
3172
3173
3176
3178
3180
3182
3183
3184
3185
3186
3187
3188
3189
3190
3191
3192
3193
3195
3197
3198
3200
3201
3202
3203
3205
3206
3209
3211
3212
3213
3214
3215
3218
3220
3221
3223
3224
3226
3227
3229
3230
3231
3232
3233
3234
3235
3237
3238
3242
3243
3244
3246
3247
3248
3250
3253
3255
3256
3258
3259
3260
3261
3262
3263
3265
3268
3269
3270
3272
3273
3274
3275
3276
3279
3280
3284
3285
3286
3287
3289
3293
3294
3298
3299
3300
3301
3302
3303
3305
3306
3307
3310
3312
3314
3315
3316
3319
3321
3322
3323
3324
3325
3326
3327
3328
3331
3332
3334
3335
3337
3338
3339
3340
3341
3343
3346
3349
3351
3352
3353
3354
3356
3357
3359
3360
3366
3367
3370
3372
3373
3374
3375
3376
3377
3378
3380
3381
3382
3383
3384
3386
3390
3394
3395
3396
3398
3400
3401
3402
3404
3408
3410
3411
3413
3416
3419
3421
3422
3423
3426
3428
3429
3430
3431
3434
3435
3436
3437
3439
3440
3442
3444
3445
3446
3447
3448
3450
3451
3453
3455
3456
3457
3458
3459
3460
3461
3462
3464
3465
3466
3469
3470
3471
3472
3475
3476
3477
3478
3479
3480
3481
3482
3483
3484
3485
3486
3487
3488
3489
3490
3491
3493
3495
3496
3498
3500
3501
3503
3506
3507
3508
3510
3511
3513
3514
3516
3518
3519
3520
3521
3523
3524
3526
3528
3529
3530
3532
3533
3534
3536
3537
3538
3539
3541
3542
3543
3544
3545
3547
3549
3552
3556
3557
3558
3561
3562
3564
3566
3567
3568
3574
3575
3576
3578
3580
3583
3586
3587
3590
3591
3592
3593
3594
3595
3597
3602
3603
3605
3606
3608
3609
3611
3612
3613
3614
3615
3617
3618
3619
3620
3623
3625
3626
3630
3631
3632
3633
3634
3638
3641
3644
3645
3646
3647
3648
3650
3651
3652
3654
3655
3656
3659
3660
3661
3662
3664
3665
3668
3670
3671
3676
3677
3678
3679
3682
3684
3685
3688
3690
3691
3692
3694
3696
3698
3699
3700
3702
3703
3704
3706
3708
3710
3711
3712
3716
3717
3720
3722
3724
3725
3727
3728
3729
3730
3734
3736
3737
3739
3741
3743
3744
3745
3746
3747
3748
3749
3752
3753
3754
3756
3762
3765
3766
3767
3768
3769
3771
3772
3773
3774
3775
3776
3778
3781
3783
3784
3786
3788
3790
3791
3792
3795
3796
3797
3798
3800
3801
3803
3805
3806
3810
3811
3812
3813
3815
3816
3817
3819
3821
3822
3823
3826
3828
3829
3831
3833
3834
3835
3836
3837
3840
3843
3844
3845
3846
3847
3848
3850
3853
3854
3856
3857
3858
3859
3860
3861
3862
3863
3866
3869
3870
3871
3872
3873
3875
3876
3877
3878
3883
3885
3887
3888
3890
3891
3892
3893
3895
3897
3898
3901
3902
3903
3905
3906
3907
3909
3911
3913
3914
3916
3917
3920
3924
3926
3928
3929
3932
3933
3935
3938
3939
3940
3941
3944
3945
3946
3947
3948
3950
3951
3952
3957
3961
3962
3963
3965
3969
3971
3974
3975
3982
3983
3984
3987
3990
3992
3993
3994
3995
3996
3999
4001
4003
4004
4006
4008
4009
4010
4011
4012
4013
4014
4015
4016
4017
4018
4019
4020
4022
4023
4024
4026
4031
4032
4033
4035
4037
4038
4040
4041
4042
4043
4044
4048
4049
4050
4051
4053
4054
4057
4058
4059
4060
4061
4062
4063
4065
4068
4069
4070
4071
4072
4073
4074
4075
4076
4077
4078
4079
4080
4083
4084
4085
4086
4088
4091
4092
4094
4095
4096
4097
4098
4099
4100
4101
4103
4107
4110
4111
4113
4115
4117
4118
4122
4123
4127
4128
4132
4133
4134
4136
4137
4139
4140
4144
4145
4146
4150
4151
4152
4157
4158
4159
4160
4161
4164
4167
4169
4172
4173
4174
4175
4176
4180
4181
4182
4183
4184
4185
4186
4188
4189
4191
4192
4196
4198
4199
4201
4202
4203
4204
4208
4210
4216
4218
4220
4222
4224
4228
4229
4230
4231
4232
4233
4234
4235
4237
4243
4244
4245
4246
4248
4251
4252
4253
4254
4255
4256
4257
4259
4260
4262
4263
4264
4265
4266
4269
4270
4271
4272
4273
4274
4276
4277
4280
4282
4285
4287
4289
4290
4291
4292
4293
4294
4297
4298
4299
4300
4301
4303
4306
4308
4310
4311
4313
4314
4315
4316
4317
4322
4323
4324
4325
4326
4328
4329
4330
4332
4333
4335
4336
4337
4340
4342
4343
4346
4349
4352
4353
4355
4356
4359
4361
4362
4363
4365
4366
4369
4372
4373
4374
4377
4378
4379
4380
4381
4383
4384
4385
4387
4388
4391
4392
4394
4395
4396
4397
4398
4399
4402
4403
4405
4407
4408
4409
4410
4413
4414
4415
4417
4418
4421
4422
4423
4424
4425
4427
4429
4432
4433
4434
4435
4436
4437
4438
4440
4442
4443
4446
4447
4449
4450
4451
4455
4456
4458
4461
4463
4464
4465
4466
4468
4469
4470
4471
4473
4474
4476
4477
4478
4480
4482
4483
4484
4487
4491
4492
4493
4495
4498
4499
4500
4503
4505
4506
4508
4509
4510
4511
4513
4514
4516
4517
4518
4519
4520
4524
4526
4527
4528
4529
4535
4536
4538
4539
4541
4542
4543
4546
4549
4550
4552
4554
4556
4557
4558
4559
4560
4561
4562
4563
4564
4566
4570
4572
4573
4575
4576
4581
4582
4585
4588
4589
4592
4593
4594
4595
4597
4598
4599
4600
4601
4602
4604
4605
4608
4609
4610
4612
4618
4619
4621
4622
4623
4626
4627
4629
4630
4631
4633
4634
4636
4637
4638
4639
4641
4643
4645
4646
4647
4648
4649
4652
4653
4655
4656
4657
4658
4660
4661
4662
4663
4668
4670
4672
4673
4674
4677
4678
4680
4682
4684
4685
4687
4688
4689
4690
4691
4692
4693
4694
4698
4699
4701
4702
4706
4709
4710
4713
4715
4718
4719
4721
4722
4724
4727
4728
4729
4730
4731
4732
4733
4736
4737
4739
4740
4742
4744
4745
4747
4749
4750
4751
4756
4757
4758
4759
4763
4764
4765
4766
4768
4769
4771
4772
4777
4779
4781
4787
4792
4793
4796
4798
4799
4802
4804
4805
4808
4810
4813
4814
4815
4816
4817
4819
4821
4823
4825
4826
4827
4828
4829
4831
4833
4836
4838
4843
4844
4845
4851
4852
4853
4855
4856
4857
4858
4862
4865
4867
4870
4871
4873
4877
4878
4879
4880
4881
4884
4885
4886
4887
4889
4890
4891
4892
4893
4898
4902
4904
4905
4906
4907
4908
4909
4910
4912
4914
4915
4916
4917
4919
4920
4921
4923
4924
4926
4927
4928
4932
4933
4934
4935
4936
4937
4939
4942
4943
4945
4946
4947
4949
4950
4952
4954
4956
4959
4961
4964
4965
4966
4967
4969
4970
4973
4975
4976
4977
4978
4981
4982
4986
4987
4988
4992
4993
4995
4996
4998
4999
5000
5001
5004
5005
5007
5008
5009
5010
5012
5013
5014
5016
5018
5020
5021
5024
5025
5026
5027
5028
5029
5030
5031
5034
5040
5044
5045
5047
5048
5049
5050
5051
5052
5053
5054
5056
5060
5062
5063
5064
5065
5066
5067
5068
5069
5070
5074
5075
5076
5077
5078
5079
5081
5082
5083
5086
5087
5088
5089
5094
5095
5096
5097
5099
5101
5103
5105
5108
5109
5110
5111
5112
5113
5114
5115
5117
5118
5119
5120
5122
5124
5125
5126
5127
5128
5130
5132
5133
5134
5135
5138
5140
5141
5144
5145
5146
5149
5150
5151
5152
5156
5158
5159
5161
5162
5164
5165
5166
5167
5168
5171
5172
5174
5175
5176
5178
5179
5182
5185
5187
5191
5192
5194
5197
5198
5199
5200
5201
5202
5204
5205
5206
5208
5209
5210
5214
5215
5216
5218
5219
5220
5221
5222
5223
5224
5225
5226
5227
5228
5229
5230
5234
5238
5239
5241
5242
5243
5244
5245
5247
5248
5250
5254
5256
5257
5259
5260
5261
5262
5264
5265
5266
5267
5269
5270
5272
5273
5275
5276
5279
5281
5283
5284
5286
5287
5290
5291
5292
5294
5296
5297
5298
5299
5304
5305
5306
5307
5308
5309
5311
5312
5313
5314
5315
5316
5319
5320
5321
5322
5323
5324
5325
5327
5329
5331
5332
5333
5334
5335
5336
5337
5339
5340
5341
5342
5343
5344
5345
5346
5347
5348
5349
5351
5353
5354
5355
5356
5358
5359
5360
5366
5367
5368
5371
5372
5375
5377
5378
5382
5383
5384
5387
5388
5389
5390
5392
5393
5395
5398
5399
5400
5401
5405
5406
5407
5408
5409
5411
5413
5414
5415
5417
5419
5420
5421
5422
5423
5424
5425
5427
5428
5430
5432
5433
5434
5435
5436
5437
5438
5440
5442
5443
5444
5446
5447
5449
5450
5452
5455
5456
5458
5459
5460
5461
5463
5465
5466
5467
5469
5470
5472
5476
5478
5480
5481
5484
5485
5486
5489
5490
5491
5492
5498
5500
5502
5503
5505
5506
5508
5510
5511
5512
5514
5515
5516
5517
5521
5522
5523
5524
5528
5529
5533
5534
5536
5537
5539
5540
5542
5547
5548
5550
5551
5553
5554
5557
5558
5559
5560
5562
5563
5564
5565
5566
5573
5575
5576
5577
5578
5579
5581
5582
5583
5587
5589
5593
5594
5595
5596
5597
5599
5601
5602
5603
5604
5605
5609
5611
5613
5614
5615
5618
5620
5622
5623
5624
5626
5629
5631
5632
5634
5639
5640
5642
5643
5648
5649
5651
5652
5653
5654
5655
5656
5657
5658
5659
5663
5664
5666
5669
5670
5676
5677
5678
5679
5680
5689
5692
5693
5694
5695
5696
5698
5701
5702
5703
5704
5705
5706
5707
5708
5711
5712
5713
5715
5716
5718
5719
5720
5721
5722
5723
5724
5725
5726
5727
5728
5730
5731
5735
5736
5738
5739
5740
5741
5743
5745
5747
5750
5751
5757
5758
5760
5763
5766
5767
5769
5770
5771
5773
5775
5778
5779
5784
5785
5787
5788
5789
5790
5794
5798
5800
5801
5804
5805
5807
5808
5810
5811
5812
5813
5817
5820
5821
5822
5825
5827
5828
5829
5830
5831
5832
5834
5836
5839
5840
5841
5844
5845
5846
5847
5850
5852
5854
5858
5859
5861
5862
5864
5866
5867
5868
5870
5871
5873
5877
5880
5882
5883
5884
5886
5887
5888
5889
5891
5892
5893
5897
5898
5899
5900
5902
5903
5907
5908
5909
5912
5913
5914
5918
5919
5920
5921
5922
5923
5925
5926
5927
5929
5934
5935
5937
5938
5939
5941
5943
5944
5945
5949
5951
5952
5953
5955
5956
5959
5961
5962
5963
5964
5965
5966
5968
5969
5971
5972
5973
5976
5977
5978
5979
5980
5982
5983
5992
5995
5997
5998
6002
6005
6006
6007
6008
6012
6014
6015
6017
6018
6019
6020
6022
6023
6029
6030
6033
6034
6035
6036
6039
6040
6042
6044
6046
6048
6052
6054
6055
6057
6060
6061
6062
6065
6066
6067
6070
6071
6072
6075
6078
6081
6084
6085
6086
6087
6090
6093
6095
6096
6099
6100
6101
6105
6106
6107
6109
6111
6112
6113
6114
6117
6119
6122
6126
6128
6130
6131
6132
6136
6137
6138
6139
6140
6143
6144
6147
6148
6150
6152
6153
6154
6156
6157
6158
6159
6160
6161
6163
6164
6165
6169
6170
6171
6175
6178
6179
6180
6183
6186
6187
6189
6190
6191
6193
6194
6195
6198
6199
6200
6203
6205
6207
6210
6211
6214
6215
6216
6217
6218
6220
6221
6223
6224
6226
6228
6229
6233
6235
6236
6237
6238
6239
6240
6241
6243
6244
6245
6246
6247
6253
6254
6255
6257
6258
6259
6262
6263
6264
6266
6269
6272
6273
6275
6276
6281
6283
6284
6285
6286
6287
6288
6289
6291
6295
6297
6298
6304
6305
6306
6307
6308
6309
6313
6314
6315
6316
6317
6320
6321
6324
6325
6329
6330
6333
6334
6337
6338
6339
6341
6344
6347
6350
6351
6352
6354
6355
6356
6357
6358
6361
6362
6363
6366
6367
6369
6370
6372
6373
6374
6375
6379
6381
6382
6384
6385
6386
6387
6390
6391
6392
6393
6394
6397
6398
6400
6401
6402
6403
6405
6409
6410
6412
6414
6415
6416
6418
6419
6422
6423
6424
6427
6428
6429
6431
6433
6436
6441
6444
6446
6447
6449
6451
6452
6453
6454
6457
6458
6459
6460
6461
6462
6463
6465
6466
6468
6472
6473
6474
6475
6476
6477
6478
6480
6481
6485
6486
6488
6489
6490
6491
6494
6496
6497
6498
6499
6500
6502
6503
6504
6512
6515
6517
6519
6520
6522
6523
6526
6529
6530
6533
6535
6536
6537
6539
6541
6542
6544
6545
6546
6548
6550
6553
6556
6557
6559
6561
6562
6564
6565
6566
6567
6569
6570
6572
6573
6575
6576
6577
6580
6581
6582
6583
6584
6585
6586
6591
6592
6593
6594
6596
6597
6598
6599
6600
6602
6603
6604
6606
6607
6608
6611
6612
6613
6614
6615
6616
6617
6618
6620
6621
6623
6624
6626
6627
6629
6630
6631
6633
6634
6635
6640
6641
6644
6645
6647
6648
6650
6657
6660
6661
6662
6664
6668
6669
6671
6673
6674
6675
6679
6680
6684
6685
6686
6687
6688
6689
6690
6691
6693
6694
6695
6696
6697
6699
6700
6701
6703
6706
6707
6708
6709
6710
6712
6713
6716
6717
6719
6723
6724
6729
6730
6731
6732
6733
6734
6735
6736
6738
6739
6740
6741
6742
6744
6745
6747
6748
6750
6752
6754
6758
6759
6760
6761
6762
6765
6766
6768
6771
6772
6773
6774
6775
6776
6777
6778
6779
6780
6785
6786
6787
6789
6791
6792
6793
6794
6796
6799
6800
6801
6802
6806
6807
6810
6811
6812
6813
6814
6815
6816
6817
6818
6819
6820
6821
6823
6826
6829
6833
6835
6836
6837
6838
6839
6840
6842
6843
6846
6851
6852
6853
6854
6855
6856
6857
6858
6861
6862
6863
6864
6866
6867
6868
6869
6870
6871
6873
6875
6876
6877
6881
6882
6883
6885
6886
6887
6889
6890
6891
6894
6896
6897
6898
6899
6901
6905
6908
6909
6913
6915
6916
6917
6918
6920
6921
6923
6924
6925
6926
6933
6935
6938
6939
6940
6941
6943
6944
6947
6950
6954
6955
6956
6957
6958
6959
6960
6961
6962
6963
6964
6965
6966
6967
6970
6974
6976
6977
6979
6981
6984
6985
6986
6987
6988
6990
6991
6992
6993
6995
6996
6997
6998
6999
7000
7002
7003
7004
7005
7007
7010
7013
7015
7019
7021
7023
7025
7026
7028
7030
7031
7032
7033
7036
7037
7039
7040
7043
7044
7045
7048
7049
7050
7051
7052
7055
7056
7057
7060
7061
7062
7063
7069
7070
7075
7077
7079
7080
7082
7083
7086
7088
7089
7090
7095
7096
7097
7098
7099
7100
7102
7104
7105
7106
7107
7110
7112
7113
7115
7116
7118
7119
7121
7123
7124
7126
7127
7128
7129
7131
7132
7133
7134
7135
7136
7138
7139
7141
7142
7143
7145
7146
7147
7148
7149
7150
7152
7153
7154
7155
7157
7158
7159
7160
7161
7162
7163
7164
7166
7167
7169
7171
7172
7176
7177
7178
7180
7183
7184
7185
7187
7188
7189
7190
7191
7192
7194
7196
7197
7198
7199
7200
7202
7203
7204
7210
7212
7213
7214
7216
7217
7221
7223
7226
7227
7230
7231
7233
7234
7235
7236
7237
7239
7240
7241
7243
7244
7247
7249
7250
7251
7252
7253
7254
7255
7256
7258
7259
7261
7262
7263
7265
7267
7268
7271
7272
7273
7275
7276
7280
7287
7288
7289
7290
7292
7293
7296
7298
7300
7303
7304
7306
7308
7309
7310
7313
7315
7317
7319
7320
7322
7324
7327
7329
7330
7331
7332
7333
7335
7336
7338
7342
7343
7345
7346
7347
7349
7350
7351
7353
7354
7355
7356
7357
7359
7360
7361
7362
7363
7364
7366
7367
7368
7375
7376
7381
7382
7386
7388
7389
7391
7392
7393
7394
7395
7398
7400
7401
7403
7405
7407
7410
7411
7413
7418
7419
7422
7424
7426
7427
7428
7429
7430
7433
7437
7438
7439
7441
7444
7445
7446
7447
7448
7449
7450
7459
7460
7461
7464
7465
7467
7468
7470
7472
7475
7476
7477
7480
7482
7483
7485
7489
7490
7491
7492
7493
7495
7496
7499
7502
7504
7506
7508
7509
7510
7511
7513
7515
7517
7520
7521
7523
7524
7525
7526
7527
7532
7535
7536
7537
7539
7542
7544
7549
7551
7553
7554
7555
7556
7557
7558
7561
7563
7564
7565
7566
7567
7568
7570
7571
7572
7573
7574
7575
7576
7577
7578
7582
7584
7585
7586
7587
7590
7593
7594
7595
7597
7598
7599
7600
