1
3
7
10
11
14
16
18
19
21
23
25
27
28
31
33
36
37
38
39
40
41
42
43
44
45
46
47
48
52
60
61
62
63
65
66
67
68
72
73
74
75
76
77
79
80
82
83
85
86
87
88
89
90
91
92
93
94
95
96
98
99
100
102
103
105
106
107
108
109
111
112
113
114
115
116
117
118
119
120
121
125
126
129
132
133
135
136
137
138
139
142
143
144
145
146
147
148
149
150
151
152
153
154
155
156
158
159
161
162
163
164
167
170
171
172
173
174
175
176
181
184
187
189
191
192
193
194
197
199
200
203
208
209
210
214
217
218
219
220
221
222
223
224
225
229
230
233
236
239
240
241
243
245
246
247
249
252
256
257
261
262
263
267
269
270
271
272
273
274
275
276
277
278
279
280
281
282
284
289
290
291
292
294
295
297
299
301
302
303
305
308
309
311
313
314
315
316
317
319
326
328
329
336
337
338
341
342
344
345
346
347
348
349
350
352
353
354
355
356
357
359
361
362
363
365
368
369
370
371
372
374
376
377
378
379
385
387
389
390
391
394
397
399
400
401
402
403
404
405
406
408
410
412
413
414
415
416
417
419
421
422
425
426
428
429
432
433
435
437
438
440
441
442
443
445
446
447
448
452
453
456
458
461
462
463
466
468
470
472
475
476
479
480
482
483
484
486
487
488
490
492
493
495
497
498
500
501
502
503
504
507
509
511
512
513
514
515
517
518
521
522
523
525
526
527
528
531
532
533
534
535
537
538
540
541
542
543
544
545
546
547
548
549
555
556
558
559
560
562
564
565
567
568
571
574
575
578
580
581
582
583
585
586
587
589
592
593
595
604
607
610
611
612
615
618
620
621
623
624
626
627
629
630
631
632
633
636
637
639
640
643
644
645
649
650
651
652
654
659
661
663
665
666
667
668
669
670
671
672
673
674
675
677
678
679
680
681
682
683
686
687
688
690
692
696
697
698
700
701
702
703
709
710
711
712
713
715
717
721
722
725
729
730
731
734
735
736
737
738
739
740
741
742
747
749
750
751
752
754
755
756
757
758
759
760
764
769
772
776
777
779
781
784
785
791
792
795
798
800
802
803
805
806
807
810
811
814
816
817
819
820
822
823
824
826
827
828
829
831
833
834
837
838
841
843
848
849
852
853
854
856
857
859
860
861
862
863
869
870
871
872
874
876
878
879
881
882
883
884
885
886
887
890
893
895
897
898
899
900
901
902
903
905
906
909
910
912
913
916
918
919
920
921
923
925
927
932
933
935
937
938
939
943
945
947
948
954
956
959
960
961
963
964
965
966
970
971
972
973
975
978
981
982
983
984
986
987
988
989
990
991
992
994
996
998
999
1001
1002
1003
1004
1005
1007
1008
1010
1011
1012
1013
1018
1019
1024
1025
1029
1031
1032
1035
1039
1040
1042
1044
1046
1047
1048
1050
1052
1053
1054
1056
1057
1058
1059
1060
1062
1063
1064
1065
1066
1067
1068
1071
1074
1076
1077
1078
1081
1082
1083
1087
1088
1089
1090
1098
1100
1101
1102
1103
1104
1106
1109
1110
1112
1113
1114
1115
1117
1118
1119
1120
1122
1123
1124
1125
1126
1129
1130
1133
1135
1136
1137
1138
1140
1142
1143
1145
1146
1149
1152
1155
1156
1157
1158
1160
1162
1163
1164
1166
1167
1168
1169
1170
1171
1172
1173
1174
1175
1176
1179
1180
1181
1186
1187
1188
1190
1191
1193
1194
1195
1196
1198
1200
1201
1202
1203
1206
1207
1209
1210
1212
1213
1214
1217
1222
1224
1226
1228
1229
1232
1234
1238
1240
1241
1242
1243
1245
1246
1247
1248
1249
1250
1251
1257
1258
1259
1262
1263
1266
1269
1270
1271
1272
1273
1274
1275
1277
1278
1281
1285
1286
1288
1292
1294
1295
1296
1299
1300
1301
1303
1304
1306
1308
1309
1310
1311
1314
1316
1318
1321
1323
1325
1327
1328
1329
1330
1331
1334
1335
1336
1337
1338
1339
1341
1342
1344
1345
1351
1352
1357
1359
1360
1361
1366
1368
1369
1370
1373
1376
1378
1381
1382
1384
1385
1386
1387
1388
1389
1390
1391
1393
1394
1395
1397
1398
1400
1402
1405
1406
1407
1408
1409
1410
1411
1413
1417
1419
1420
1421
1423
1424
1426
1427
1430
1431
1436
1437
1439
1441
1442
1443
1444
1446
1449
1450
1451
1452
1453
1454
1457
1458
1459
1461
1462
1463
1464
1467
1469
1470
1471
1472
1474
1475
1478
1479
1480
1481
1482
1484
1485
1487
1488
1489
1491
1492
1493
1494
1495
1496
1497
1498
1499
1500
1502
1503
1505
1506
1509
1510
1511
1512
1513
1516
1520
1521
1523
1524
1525
1528
1529
1531
1533
1534
1535
1539
1540
1543
1544
1545
1546
1548
1549
1550
1551
1553
1554
1555
1556
1557
1558
1559
1560
1562
1563
1564
1567
1569
1570
1571
1573
1574
1575
1578
1581
1582
1583
1584
1586
1588
1590
1591
1592
1593
1594
1596
1597
1599
1601
1602
1603
1605
1606
1608
1609
1610
1612
1614
1615
1616
1620
1621
1623
1627
1630
1633
1634
1635
1636
1637
1639
1640
1643
1644
1645
1646
1647
1649
1650
1655
1657
1658
1659
1661
1663
1664
1665
1666
1667
1668
1670
1672
1673
1674
1676
1680
1681
1683
1684
1685
1686
1687
1688
1691
1692
1693
1695
1697
1699
1700
1701
1702
1703
1704
1705
1710
1712
1713
1714
1721
1722
1723
1724
1725
1728
1729
1730
1731
1732
1738
1742
1746
1748
1750
1751
1752
1753
1755
1756
1757
1760
1761
1765
1766
1767
1768
1771
1774
1775
1776
1779
1780
1781
1782
1783
1784
1786
1787
1790
1794
1796
1797
1801
1802
1804
1805
1806
1807
1809
1810
1815
1817
1818
1821
1822
1824
1825
1826
1827
1828
1829
1831
1832
1834
1835
1837
1839
1840
1841
1842
1843
1844
1845
1846
1847
1848
1850
1851
1852
1854
1856
1857
1860
1861
1862
1865
1866
1869
1870
1871
1873
1876
1878
1881
1884
1889
1890
1892
1893
1894
1895
1899
1900
1901
1902
1903
1904
1905
1906
1908
1910
1911
1912
1915
1919
1921
1922
1923
1924
1926
1929
1930
1931
1932
1933
1936
1937
1938
1939
1940
1941
1944
1945
1946
1948
1949
1951
1952
1953
1954
1955
1956
1957
1958
1962
1964
1965
1967
1968
1969
1970
1972
1973
1974
1975
1978
1980
1982
1987
1988
1989
1992
1993
1994
1996
1997
2001
2004
2005
2007
2010
2014
2015
2016
2017
2018
2020
2024
2025
2026
2027
2028
2029
2031
2032
2033
2036
2040
2046
2048
2051
2052
2053
2055
2056
2058
2060
2063
2067
2068
2070
2072
2073
2075
2078
2080
2082
2084
2090
2093
2094
2095
2098
2100
2102
2104
2105
2106
2108
2109
2114
2115
2116
2119
2120
2121
2122
2123
2125
2126
2127
2128
2129
2133
2135
2137
2138
2139
2140
2142
2143
2144
2145
2146
2147
2148
2149
2150
2151
2156
2157
2159
2162
2163
2164
2166
2167
2169
2170
2171
2173
2174
2176
2177
2178
2179
2181
2182
2183
2185
2186
2187
2190
2193
2198
2199
2201
2202
2203
2204
2206
2207
2208
2209
2210
2214
2215
2216
2220
2221
2222
2223
2226
2227
2228
2229
2230
2231
2233
2235
2238
2243
2244
2247
2248
2252
2253
2256
2258
2259
2260
2261
2264
2267
2268
2269
2270
2271
2272
2274
2276
2279
2280
2282
2283
2285
2286
2288
2289
2290
2291
2296
2298
2300
2301
2303
2304
2307
2308
2309
2313
2316
2317
2318
2320
2321
2322
2323
2328
2329
2330
2331
2333
2334
2335
2337
2338
2340
2341
2342
2344
2345
2346
2347
2349
2350
2351
2353
2355
2356
2357
2359
2360
2361
2362
2364
2365
2367
2368
2369
2371
2375
2377
2378
2379
2380
2381
2383
2385
2386
2387
2388
2391
2392
2394
2395
2396
2397
2399
2403
2404
2405
2406
2407
2408
2409
2410
2411
2412
2413
2415
2416
2417
2418
2420
2421
2422
2426
2430
2431
2432
2434
2435
2436
2437
2438
2439
2440
2442
2443
2444
2445
2449
2450
2451
2452
2455
2456
2457
2460
2461
2462
2464
2465
2466
2467
2468
2469
2471
2472
2474
2478
2479
2480
2483
2485
2488
2489
2493
2494
2495
2497
2498
2500
2504
2506
2509
2510
2511
2513
2515
2517
2519
2520
2523
2524
2525
2529
2530
2531
2533
2535
2536
2538
2539
2540
2541
2542
2546
2547
2548
2550
2552
2553
2556
2557
2559
2560
2561
2563
2565
2567
2568
2570
2571
2572
2573
2574
2576
2578
2579
2580
2581
2582
2585
2586
2593
2594
2596
2598
2599
2602
2603
2604
2605
2612
2613
2614
2615
2618
2621
2623
2625
2627
2629
2630
2631
2632
2633
2634
2635
2636
2638
2640
2641
2643
2644
2645
2647
2648
2649
2650
2651
2652
2653
2654
2655
2656
2659
2660
2662
2663
2664
2668
2669
2673
2674
2676
2678
2683
2684
2685
2687
2688
2689
2690
2691
2692
2694
2696
2697
2698
2699
2701
2703
2706
2707
2708
2709
2711
2714
2717
2718
2719
2722
2723
2725
2726
2728
2729
2731
2733
2734
2735
2736
2738
2739
2740
2741
2742
2743
2745
2746
2747
2748
2749
2750
2751
2753
2756
2758
2759
2761
2765
2766
2767
2770
2771
2772
2774
2775
2778
2779
2780
2781
2782
2783
2785
2787
2789
2790
2792
2793
2794
2795
2798
2801
2802
2804
2805
2806
2809
2810
2812
2813
2814
2815
2816
2817
2818
2819
2820
2822
2826
2827
2830
2832
2833
2835
2837
2838
2839
2841
2842
2843
2844
2845
2846
2848
2849
2850
2852
2853
2856
2858
2859
2860
2861
2862
2863
2864
2865
2866
2869
2871
2872
2874
2875
2877
2882
2886
2887
2890
2897
2898
2899
2900
2903
2905
2907
2908
2909
2910
2911
2912
2913
2914
2915
2917
2920
2921
2922
2923
2924
2927
2928
2933
2935
2938
2941
2944
2946
2947
2948
2949
2950
2951
2952
2956
2957
2958
2959
2960
2964
2965
2966
2967
2968
2971
2972
2975
2976
2977
2978
2980
2981
2982
2983
2985
2986
2987
2988
2989
2990
2991
2994
2997
2998
2999
3001
3003
3004
3005
3009
3010
3013
3015
3016
3017
3019
3020
3021
3022
3023
3025
3026
3027
3028
3029
3032
3033
3036
3037
3038
3039
3040
3042
3043
3045
3046
3047
3048
3049
3051
3052
3054
3055
3056
3057
3059
3060
3063
3066
3067
3068
3069
3072
3074
3075
3078
3081
3084
3085
3087
3089
3090
3092
3093
3094
3095
3096
3097
3098
3099
3100
3102
3103
3104
3105
3106
3107
3109
3110
3114
3115
3116
3117
3118
3119
3123
3126
3128
3129
3131
3133
3135
3137
3138
3145
3148
3149
3152
3154
3155
3157
3158
3159
3160
3161
3163
3165
3166
3170
3171
3173
3174
3176
3179
3181
3182
3184
3188
3189
3190
3191
3193
3194
3196
3197
3198
3199
3200
3202
3204
3205
3206
3207
3209
3210
3216
3217
3218
3220
3221
3222
3223
3226
3227
3229
3230
3231
3232
3236
3237
3239
3241
3242
3244
3245
3246
3251
3252
3253
3255
3257
3263
3266
3267
3269
3270
3271
3272
3274
3278
3281
3282
3283
3285
3286
3287
3288
3291
3292
3297
3300
3301
3305
3306
3308
3309
3310
3312
3313
3314
3316
3317
3318
3319
3321
3322
3323
3325
3326
3327
3329
3330
3335
3336
3337
3339
3340
3341
3342
3344
3346
3347
3348
3349
3351
3352
3353
3354
3355
3356
3358
3359
3360
3361
3365
3367
3368
3370
3371
3372
3373
3374
3378
3380
3381
3382
3383
3385
3388
3389
3390
3392
3393
3395
3396
3397
3398
3399
3400
3401
3402
3403
3404
3405
3407
3408
3409
3410
3411
3412
3413
3414
3415
3416
3422
3423
3424
3425
3428
3430
3431
3432
3433
3436
3439
3440
3441
3442
3445
3446
3447
3449
3450
3451
3452
3453
3455
3457
3459
3460
3461
3462
3463
3466
3468
3470
3471
3473
3474
3475
3477
3479
3480
3482
3484
3487
3488
3490
3491
3492
3493
3495
3496
3499
3500
3502
3503
3504
3506
3507
3508
3510
3513
3515
3517
3518
3519
3522
3523
3524
3526
3528
3529
3530
3531
3533
3536
3537
3539
3540
3541
3543
3544
3545
3547
3551
3553
3554
3555
3558
3559
3560
3561
3562
3564
3565
3566
3567
3569
3570
3571
3574
3577
3583
3584
3585
3593
3595
3596
3597
3598
3601
3605
3606
3607
3608
3610
3613
3615
3616
3618
3619
3620
3621
3622
3623
3624
3625
3628
3629
3630
3633
3635
3636
3640
3642
3643
3645
3646
3647
3648
3649
3651
3652
3653
3654
3655
3658
3659
3661
3663
3666
3667
3669
3671
3672
3674
3676
3677
3679
3680
3682
3687
3688
3689
3692
3695
3697
3698
3701
3702
3703
3706
3707
3708
3710
3711
3713
3714
3715
3720
3722
3724
3725
3726
3727
3728
3729
3732
3735
3736
3737
3738
3740
3741
3742
3745
3746
3748
3749
3751
3752
3754
3755
3756
3759
3764
3765
3768
3770
3771
3774
3775
3777
3778
3779
3781
3782
3784
3786
3789
3796
3797
3798
3799
3800
3801
3802
3804
3806
3808
3809
3811
3815
3816
3817
3818
3820
3824
3827
3828
3832
3835
3839
3841
3842
3843
3845
3846
3847
3848
3849
3852
3853
3855
3856
3858
3859
3860
3861
3862
3864
3865
3866
3869
3870
3871
3874
3875
3876
3880
3884
3885
3886
3887
3888
3890
3892
3893
3897
3898
3901
3902
3904
3905
3906
3907
3908
3910
3911
3916
3917
3919
3921
3922
3923
3925
3926
3927
3929
3931
3933
3934
3936
3937
3939
3940
3941
3942
3943
3944
3945
3946
3947
3948
3952
3955
3956
3960
3962
3965
3966
3968
3969
3970
3971
3972
3974
3975
3977
3978
3979
3980
3981
3982
3985
3986
3987
3990
3991
3993
3994
3995
3996
3997
3999
4000
4001
4004
4006
4008
4009
4010
4012
4016
4017
4018
4020
4022
4025
4027
4029
4030
4032
4034
4036
4037
4039
4040
4044
4045
4046
4048
4049
4052
4053
4054
4055
4057
4058
4061
4063
4064
4066
4068
4069
4070
4071
4072
4074
4076
4078
4079
4080
4081
4082
4083
4084
4085
4086
4087
4089
4090
4092
4093
4098
4100
4101
4103
4107
4110
4111
4112
4114
4115
4117
4118
4123
4125
4129
4130
4133
4134
4135
4136
4137
4139
4140
4144
4147
4150
4151
4152
4154
4155
4156
4157
4159
4161
4162
4163
4164
4166
4169
4171
4173
4174
4176
4178
4179
4181
4183
4187
4190
4193
4194
4195
4196
4197
4202
4204
4206
4208
4209
4210
4211
4212
4214
4216
4217
4218
4222
4225
4229
4230
4231
4232
4233
4234
4238
4239
4242
4244
4245
4247
4248
4249
4250
4251
4252
4253
4255
4256
4257
4258
4259
4261
4262
4265
4266
4267
4270
4271
4274
4275
4276
4277
4280
4282
4284
4286
4287
4290
4292
4293
4294
4295
4296
4297
4298
4300
4302
4305
4306
4307
4311
4313
4314
4317
4319
4320
4321
4323
4324
4325
4327
4330
4331
4332
4335
4338
4339
4341
4342
4343
4344
4348
4349
4350
4351
4352
4353
4354
4355
4356
4358
4361
4362
4363
4365
4366
4367
4368
4369
4370
4371
4373
4374
4377
4379
4383
4387
4388
4389
4390
4391
4394
4395
4396
4398
4400
4401
4402
4403
4404
4406
4409
4410
4411
4412
4413
4415
4416
4418
4423
4425
4429
4431
4432
4433
4438
4439
4440
4442
4443
4444
4445
4448
4449
4451
4453
4455
4456
4460
4461
4462
4463
4465
4466
4467
4468
4472
4473
4475
4476
4477
4479
4481
4482
4483
4484
4485
4487
4489
4490
4491
4493
4494
4497
4499
4501
4502
4503
4504
4505
4507
4508
4510
4511
4512
4513
4514
4515
4516
4518
4519
4520
4521
4522
4523
4524
4525
4527
4528
4529
4531
4533
4534
4535
4539
4541
4548
4549
4550
4551
4552
4553
4554
4555
4557
4558
4559
4561
4562
4564
4565
4566
4567
4569
4573
4575
4576
4578
4579
4582
4584
4585
4586
4588
4589
4590
4591
4594
4596
4598
4599
4600
4603
4604
4605
4606
4607
4610
4614
4615
4616
4619
4624
4626
4627
4629
4633
4634
4635
4636
4637
4641
4642
4643
4644
4645
4646
4647
4649
4651
4654
4655
4657
4658
4659
4660
4662
4663
4664
4666
4667
4669
4670
4671
4672
4673
4674
4675
4677
4678
4679
4680
4681
4683
4684
4685
4686
4687
4688
4690
4691
4692
4693
4694
4697
4700
4702
4703
4704
4705
4706
4707
4708
4709
4710
4713
4714
4715
4716
4717
4718
4721
4722
4723
4724
4725
4728
4729
4731
4732
4733
4734
4735
4736
4740
4742
4744
4745
4746
4747
4748
4750
4752
4753
4754
4755
4756
4757
4758
4762
4764
4766
4767
4769
4770
4771
4772
4774
4775
4776
4777
4778
4779
4782
4784
4786
4787
4788
4789
4790
4791
4794
4795
4797
4798
4799
4802
4803
4805
4806
4807
4808
4809
4810
4811
4812
4813
4814
4817
4819
4822
4825
4826
4827
4828
4830
4831
4832
4833
4835
4836
4841
4843
4844
4845
4847
4848
4850
4851
4852
4853
4854
4855
4856
4857
4860
4862
4863
4866
4867
4874
4876
4878
4882
4883
4884
4886
4887
4890
4891
4892
4893
4895
4896
4898
4899
4900
4902
4904
4905
4907
4908
4910
4913
4914
4916
4917
4919
4921
4922
4924
4926
4927
4928
4929
4930
4931
4932
4935
4936
4938
4939
4940
4943
4944
4945
4946
4948
4949
4952
4954
4956
4957
4958
4960
4962
4963
4966
4967
4968
4969
4970
4971
4973
4975
4977
4980
4981
4982
4983
4985
4988
4990
4991
4992
4994
4995
4997
4998
5000
5001
5002
5003
5004
5005
5007
5009
5010
5011
5013
5014
5019
5021
5022
5025
5028
5030
5034
5037
5040
5041
5042
5043
5045
5046
5054
5055
5056
5058
5059
5060
5061
5063
5064
5065
5068
5069
5070
5071
5074
5075
5076
5077
5078
5079
5080
5081
5082
5083
5084
5086
5088
5091
5096
5098
5099
5104
5106
5108
5109
5110
5112
5113
5115
5117
5118
5122
5123
5124
5126
5127
5129
5130
5133
5145
5146
5147
5149
5152
5154
5155
5156
5157
5160
5161
5162
5163
5164
5165
5167
5168
5169
5171
5172
5173
5174
5177
5178
5180
5184
5186
5187
5188
5190
5191
5192
5193
5194
5195
5196
5198
5200
5201
5202
5204
5205
5206
5207
5210
5213
5214
5215
5217
5218
5220
5225
5227
5228
5229
5230
5231
5232
5233
5234
5236
5243
5244
5246
5247
5249
5253
5255
5256
5257
5258
5260
5263
5264
5266
5268
5270
5272
5273
5277
5280
5281
5282
5283
5287
5288
5289
5290
5292
5296
5297
5298
5299
5300
5301
5302
5303
5308
5313
5314
5315
5316
5318
5319
5320
5321
5324
5325
5326
5327
5331
5332
5333
5335
5336
5338
5339
5341
5343
5344
5345
5346
5348
5349
5355
5358
5360
5365
5366
5367
5368
5374
5375
5376
5379
5380
5381
5382
5384
5386
5389
5392
5393
5394
5395
5396
5397
5398
5403
5405
5406
5407
5408
5410
5411
5413
5415
5416
5418
5420
5421
5422
5425
5426
5427
5428
5433
5434
5435
5437
5438
5440
5443
5444
5446
5447
5449
5450
5451
5453
5454
5455
5456
5458
5462
5463
5464
5465
5466
5467
5470
5471
5472
5473
5474
5475
5476
5478
5479
5480
5481
5486
5489
5493
5494
5496
5497
5498
5499
5501
5502
5503
5506
5507
5508
5509
5510
5512
5515
5516
5517
5518
5519
5520
5521
5522
5525
5527
5532
5533
5534
5536
5537
5538
5539
5540
5541
5543
5545
5546
5547
5551
5552
5553
5554
5555
5556
5558
5559
5567
5569
5570
5571
5572
5573
5574
5575
5576
5577
5578
5579
5581
5582
5583
5585
5586
5587
5588
5589
5590
5591
5592
5593
5595
5599
5600
5603
5605
5606
5608
5611
5612
5613
5614
5616
5619
5620
5622
5623
5625
5626
5628
5629
5633
5634
5635
5636
5638
5639
5640
5641
5642
5645
5648
5651
5652
5656
5657
5658
5659
5660
5661
5662
5663
5664
5665
5666
5667
5669
5673
5674
5678
5686
5688
5689
5692
5693
5695
5696
5698
5701
5702
5707
5708
5710
5711
5712
5715
5717
5719
5720
5721
5722
5723
5724
5725
5726
5729
5732
5734
5735
5737
5738
5739
5741
5742
5743
5744
5746
5747
5748
5751
5752
5754
5755
5756
5759
5760
5762
5763
5764
5765
5767
5769
5770
5772
5773
5778
5780
5783
5784
5785
5787
5792
5794
5796
5800
5802
5803
5804
5805
5806
5807
5808
5809
5810
5814
5815
5817
5819
5820
5822
5823
5824
5828
5829
5830
5831
5835
5837
5838
5839
5840
5841
5842
5843
5844
5846
5847
5849
5850
5851
5854
5855
5857
5858
5859
5860
5861
5862
5863
5864
5867
5868
5870
5871
5872
5875
5876
5877
5878
5879
5882
5883
5885
5888
5889
5892
5894
5896
5901
5902
5903
5904
5906
5907
5908
5909
5912
5914
5915
5916
5918
5919
5920
5921
5923
5924
5926
5927
5928
5931
5933
5937
5938
5940
5942
5945
5947
5949
5950
5951
5952
5956
5958
5959
5961
5962
5965
5967
5968
5969
5971
5972
5975
5976
5977
5980
5981
5982
5983
5984
5986
5989
5990
5991
5992
5993
5994
5995
5996
5997
5998
6000
6001
6002
6003
6004
6008
6009
6010
6011
6012
6013
6014
6015
6017
6018
6019
6020
6021
6022
6023
6024
6028
6029
6031
6033
6034
6036
6039
6040
6041
6042
6043
6044
6046
6048
6049
6050
6051
6052
6053
6055
6057
6061
6062
6064
6065
6067
6068
6075
6076
6078
6079
6081
6083
6086
6087
6088
6090
6091
6092
6093
6094
6095
6096
6097
6098
6099
6101
6104
6105
6106
6109
6111
6112
6114
6115
6118
6119
6120
6126
6127
6129
6130
6131
6132
6134
6135
6137
6138
6139
6140
6141
6142
6145
6146
6147
6148
6149
6150
6151
6152
6154
6155
6156
6157
6158
6160
6161
6162
6163
6165
6166
6168
6169
6172
6173
6175
6176
6177
6178
6179
6180
6184
6185
6186
6187
6188
6189
6190
6191
6193
6194
6198
6199
6202
6203
6205
6206
6207
6208
6210
6213
6214
6215
6217
6218
6219
6220
6221
6226
6228
6229
6230
6231
6232
6234
6236
6237
6238
6239
6241
6242
6243
6248
6251
6252
6254
6255
6256
6257
6260
6262
6263
6264
6267
6268
6269
6270
6271
6273
6274
6276
6277
6278
6279
6280
6281
6282
6283
6287
6289
6290
6296
6298
6300
6305
6306
6308
6311
6312
6313
6314
6315
6316
6320
6321
6323
6328
6330
6332
6336
6337
6338
6339
6341
6343
6344
6346
6347
6349
6352
6354
6355
6358
6360
6362
6363
6365
6367
6369
6370
6371
6372
6373
6374
6376
6377
6378
6379
6380
6382
6384
6386
6387
6393
6397
6402
6403
6404
6406
6409
6411
6413
6414
6415
6417
6422
6423
6424
6427
6428
6431
6432
6436
6437
6438
6439
6441
6442
6444
6445
6447
6450
6451
6452
6453
6455
6456
6458
6459
6461
6462
6464
6466
6467
6468
6470
6472
6473
6474
6476
6477
6478
6480
6483
6486
6487
6490
6491
6492
6493
6495
6501
6502
6503
6505
6506
6507
6509
6510
6512
6514
6518
6521
6523
6524
6527
6528
6529
6530
6531
6532
6534
6536
6538
6540
6542
6543
6545
6546
6548
6550
6552
6553
6558
6559
6560
6561
6563
6565
6569
6571
6573
6574
6575
6576
6577
6579
6582
6583
6584
6585
6587
6588
6589
6591
6593
6594
6596
6597
6598
6599
6602
6604
6607
6608
6609
6610
6612
6614
6615
6616
6617
6618
6619
6620
6624
6628
6629
6634
6635
6641
6643
6645
6646
6647
6652
6653
6654
6656
6657
6658
6663
6664
6665
6666
6667
6670
6671
6673
6674
6676
6677
6678
6679
6680
6682
6685
6687
6689
6690
6691
6693
6694
6695
6696
6698
6699
6700
6701
6704
6705
6706
6708
6709
6710
6711
6713
6714
6715
6718
6719
6720
6722
6723
6724
6725
6726
6729
6731
6732
6734
6735
6736
6737
6741
6747
6750
6751
6752
6753
6756
6757
6758
6759
6760
6762
6763
6764
6765
6766
6767
6769
6770
6771
6772
6773
6775
6777
6778
6779
6780
6781
6783
6785
6786
6787
6788
6790
6793
6794
6797
6798
6802
6803
6804
6806
6807
6808
6809
6810
6812
6813
6814
6820
6822
6825
6826
6828
6829
6831
6835
6836
6837
6838
6839
6840
6842
6843
6845
6846
6848
6849
6852
6853
6856
6857
6859
6860
6861
6862
6863
6864
6866
6869
6870
6873
6876
6878
6879
6882
6884
6885
6886
6887
6889
6890
6893
6895
6899
6901
6904
6906
6907
6908
6909
6910
6912
6914
6916
6917
6921
6922
6924
6925
6928
6930
6932
6933
6934
6936
6939
6943
6946
6947
6948
6950
6954
6956
6957
6960
6965
6968
6969
6970
6971
6972
6974
6976
6978
6979
6981
6982
6983
6985
6987
6988
6989
6990
6991
6994
6996
6997
7000
7002
7004
7007
7008
7009
7010
7013
7015
7017
7018
7020
7021
7023
7026
7027
7028
7029
7031
7035
7038
7043
7044
7045
7046
7047
7048
7050
7051
7055
7059
7061
7064
7066
7068
7069
7070
7071
7073
7075
7076
7077
7078
7080
7082
7083
7084
7085
7090
7091
7092
7093
7095
7096
7097
7099
7100
7101
7102
7105
7106
7107
7108
7110
7113
7116
7118
7119
7120
7121
7122
7123
7124
7125
7126
7127
7129
7130
7132
7133
7135
7138
7139
7142
7143
7144
7148
7150
7151
7152
7153
7154
7156
7157
7159
7161
7162
7163
7166
7167
7168
7169
7170
7172
7173
7174
7175
7176
7177
7178
7181
7183
7185
7187
7188
7191
7196
7198
7200
7202
7203
7207
7208
7210
7212
7214
7220
7223
7224
7226
7227
7230
7231
7232
7233
7234
7235
7236
7239
7241
7243
7245
7247
7248
7250
7251
7253
7254
7255
7256
7257
7259
7261
7263
7264
7266
7269
7272
7273
7274
7276
7277
7279
7281
7283
7284
7286
7287
7288
7289
7293
7295
7296
7297
7299
7301
7302
7303
7304
7305
7306
7308
7310
7311
7312
7317
7320
7321
7324
7326
7327
7328
7329
7332
7333
7334
7335
7336
7337
7338
7340
7341
7342
7343
7344
7346
7347
7348
7350
7351
7361
7362
7363
7364
7366
7367
7368
7370
7371
7372
7373
7377
7378
7380
7381
7384
7385
7387
7388
7389
7392
7393
7394
7395
7396
7398
7399
7400
7401
7404
7406
7409
7410
7412
7413
7414
7415
7416
7417
7418
7419
7420
7422
7424
7425
7426
7429
7432
7433
7434
7436
7438
7439
7440
7445
7448
7449
7450
7452
7454
7456
7461
7464
7468
7469
7473
7474
7475
7476
7478
7480
7481
7484
7485
7486
7487
7488
7489
7490
7491
7492
7493
7496
7497
7498
7501
7503
7504
7505
7506
7509
7510
7511
7512
7513
7514
7516
7517
7520
7523
7524
7530
7531
7533
7534
7535
7537
7538
7539
7540
7541
7543
7545
7548
7550
7551
7552
7553
7554
7555
7557
7559
7560
7562
7563
7564
7566
7567
7568
7569
7571
7572
7573
7579
7581
7584
7585
7587
7588
7590
7591
7595
7598
7599
