4
5
6
7
8
10
13
14
16
17
18
22
25
26
27
28
29
30
31
33
34
35
36
38
39
41
42
45
46
47
50
52
54
56
57
59
61
64
65
66
70
71
72
74
75
78
79
80
81
83
84
85
87
88
90
91
93
94
95
96
97
98
99
100
101
103
105
107
110
111
112
113
114
115
116
117
118
121
122
123
125
128
129
131
132
133
134
135
136
137
139
140
141
143
144
145
146
148
149
150
151
152
153
157
158
159
163
164
166
167
168
169
170
171
175
176
179
180
182
183
184
185
186
187
188
189
190
193
195
196
198
199
202
204
205
206
210
211
212
214
217
221
223
224
225
227
230
231
233
236
237
238
240
241
242
243
244
245
247
248
249
251
252
253
254
257
258
259
260
261
262
263
264
266
267
270
275
277
278
280
282
284
285
286
287
288
289
291
293
299
302
304
305
306
308
310
311
313
314
316
318
319
320
323
324
327
329
330
331
332
333
335
336
337
338
341
342
343
345
347
349
350
351
353
354
355
358
361
362
363
364
366
367
368
369
370
373
374
375
377
378
379
382
386
387
388
394
395
401
402
403
404
405
406
407
409
410
411
414
416
418
419
421
422
424
426
427
428
429
431
432
433
434
435
436
439
440
441
443
444
445
446
447
448
449
450
451
452
455
456
458
459
462
463
464
465
468
470
472
477
482
486
487
488
494
495
496
498
499
502
505
506
508
511
514
516
517
518
520
524
525
526
527
529
531
532
534
535
537
539
540
541
543
545
546
548
549
550
551
553
554
555
556
559
560
563
564
566
567
568
570
572
574
576
577
578
580
581
583
586
588
589
590
592
593
594
597
598
599
600
601
602
603
604
605
606
607
608
609
611
613
616
617
618
620
621
626
627
628
632
633
635
637
638
639
641
642
643
644
645
647
649
650
653
655
658
659
660
661
663
664
665
671
673
674
677
678
681
682
683
684
685
686
688
689
691
692
693
694
695
696
698
699
700
703
704
705
706
707
708
709
710
711
713
716
717
719
720
721
722
724
726
729
730
733
734
736
737
738
740
741
742
743
746
749
751
752
753
755
756
759
760
762
764
766
767
768
769
770
771
772
773
775
776
777
778
779
780
781
782
786
789
793
794
795
796
798
800
802
804
806
807
808
809
812
815
817
818
819
821
823
826
827
828
829
831
832
833
834
835
838
839
842
844
845
847
849
850
851
852
853
855
857
858
859
860
861
862
863
864
866
867
868
870
872
873
874
875
876
877
879
880
881
883
886
887
889
891
893
894
896
897
899
901
902
903
904
905
908
910
911
912
913
914
915
916
919
920
921
922
924
925
926
927
928
931
932
933
935
938
946
948
950
951
953
954
955
956
957
960
961
962
964
966
967
969
970
971
973
977
978
979
980
981
983
984
985
987
988
989
990
992
993
997
998
1001
1002
1003
1004
1008
1009
1010
1011
1013
1014
1015
1016
1017
1018
1021
1022
1023
1024
1028
1029
1031
1034
1036
1039
1040
1041
1043
1044
1045
1048
1049
1051
1052
1053
1055
1056
1057
1058
1059
1061
1063
1064
1065
1067
1068
1069
1070
1071
1072
1073
1075
1076
1077
1078
1080
1081
1083
1084
1086
1088
1090
1091
1093
1100
1101
1102
1104
1105
1108
1109
1111
1112
1113
1115
1116
1117
1119
1121
1122
1123
1125
1126
1127
1128
1129
1131
1133
1135
1137
1139
1140
1141
1142
1143
1144
1146
1147
1148
1150
1152
1153
1154
1155
1157
1158
1161
1163
1164
1167
1171
1173
1175
1176
1179
1180
1182
1186
1187
1188
1190
1191
1192
1194
1196
1199
1200
1201
1202
1203
1205
1206
1207
1208
1209
1210
1211
1214
1216
1218
1219
1220
1221
1222
1223
1224
1225
1227
1229
1230
1234
1235
1236
1237
1238
1240
1241
1243
1245
1246
1247
1248
1249
1250
1252
1253
1254
1256
1258
1261
1262
1264
1266
1267
1268
1269
1270
1271
1273
1274
1275
1277
1278
1279
1280
1281
1283
1284
1288
1291
1293
1296
1297
1298
1300
1301
1303
1304
1306
1307
1311
1312
1314
1315
1316
1317
1318
1319
1323
1324
1325
1326
1327
1332
1333
1334
1335
1337
1338
1342
1345
1346
1347
1348
1349
1354
1355
1358
1359
1361
1363
1364
1368
1370
1371
1372
1373
1376
1377
1378
1379
1380
1383
1384
1385
1386
1387
1388
1391
1393
1394
1395
1396
1397
1398
1399
1400
1402
1403
1405
1407
1410
1411
1412
1414
1415
1416
1417
1418
1419
1423
1424
1426
1427
1428
1429
1432
1434
1435
1436
1437
1438
1439
1440
1442
1445
1448
1449
1450
1451
1452
1453
1454
1456
1458
1460
1464
1466
1467
1469
1470
1471
1472
1473
1474
1475
1479
1480
1483
1487
1489
1491
1493
1497
1499
1501
1504
1507
1509
1510
1511
1513
1514
1516
1518
1519
1520
1522
1523
1524
1526
1527
1528
1531
1538
1539
1540
1543
1546
1548
1549
1550
1551
1553
1557
1558
1559
1561
1562
1563
1565
1567
1569
1570
1572
1573
1574
1576
1578
1579
1581
1582
1583
1584
1586
1587
1588
1591
1592
1594
1595
1596
1597
1598
1599
1601
1602
1603
1606
1608
1609
1610
1611
1612
1613
1614
1616
1617
1618
1620
1621
1623
1624
1625
1626
1628
1630
1632
1634
1635
1638
1640
1643
1644
1645
1646
1648
1649
1650
1651
1656
1657
1662
1663
1664
1666
1667
1669
1672
1673
1676
1679
1680
1681
1682
1683
1684
1685
1686
1687
1689
1691
1694
1696
1697
1698
1702
1704
1707
1708
1709
1711
1713
1714
1715
1716
1718
1719
1722
1723
1724
1730
1732
1733
1734
1735
1737
1738
1739
1741
1743
1745
1746
1747
1749
1751
1753
1754
1755
1756
1757
1758
1759
1760
1761
1762
1763
1765
1767
1769
1770
1771
1772
1774
1775
1778
1779
1783
1784
1788
1789
1790
1791
1792
1794
1795
1796
1799
1802
1803
1804
1805
1806
1811
1812
1815
1818
1819
1820
1821
1824
1825
1826
1827
1828
1830
1831
1833
1836
1838
1839
1841
1843
1844
1845
1846
1847
1849
1854
1861
1862
1863
1864
1865
1867
1869
1871
1872
1873
1875
1876
1878
1879
1882
1883
1885
1886
1889
1891
1893
1894
1895
1899
1900
1901
1902
1904
1905
1908
1909
1910
1911
1912
1913
1915
1916
1917
1919
1920
1922
1927
1930
1931
1933
1934
1935
1936
1939
1940
1941
1942
1947
1950
1955
1956
1958
1960
1961
1962
1963
1964
1967
1969
1970
1971
1974
1977
1978
1979
1980
1981
1982
1984
1990
1991
1994
1995
1996
1997
1999
2002
2005
2007
2008
2011
2012
2014
2016
2017
2019
2020
2021
2022
2028
2029
2030
2031
2033
2034
2035
2037
2039
2041
2044
2045
2046
2049
2050
2051
2054
2055
2059
2061
2062
2064
2065
2066
2068
2070
2072
2076
2077
2078
2079
2083
2084
2086
2087
2088
2089
2090
2094
2096
2097
2098
2099
2100
2103
2105
2108
2111
2114
2119
2120
2121
2125
2127
2128
2129
2130
2132
2133
2136
2138
2139
2140
2141
2143
2147
2148
2149
2152
2154
2157
2158
2159
2163
2164
2165
2166
2167
2168
2169
2170
2172
2173
2176
2177
2180
2181
2182
2183
2184
2187
2189
2195
2197
2198
2199
2204
2206
2208
2210
2211
2212
2213
2216
2218
2219
2220
2221
2222
2223
2227
2228
2230
2231
2232
2233
2235
2236
2237
2239
2241
2242
2244
2245
2246
2247
2249
2250
2252
2253
2254
2255
2258
2259
2261
2262
2266
2267
2268
2270
2271
2272
2274
2275
2276
2277
2278
2279
2283
2284
2289
2290
2291
2293
2294
2296
2299
2300
2301
2303
2304
2307
2308
2310
2311
2313
2316
2317
2318
2319
2320
2321
2322
2324
2325
2326
2327
2328
2330
2333
2334
2338
2339
2340
2343
2345
2346
2347
2351
2352
2353
2354
2356
2358
2361
2362
2363
2365
2366
2367
2369
2371
2372
2375
2376
2377
2378
2380
2382
2383
2385
2387
2390
2391
2392
2394
2395
2396
2397
2398
2401
2402
2406
2407
2409
2410
2412
2413
2415
2417
2419
2420
2422
2423
2426
2429
2432
2434
2435
2436
2438
2439
2440
2441
2442
2444
2446
2447
2448
2450
2451
2453
2454
2457
2459
2462
2463
2465
2466
2468
2469
2470
2473
2474
2475
2476
2477
2478
2480
2481
2482
2483
2486
2487
2488
2489
2492
2494
2495
2498
2500
2502
2505
2508
2509
2514
2518
2520
2521
2523
2524
2527
2528
2529
2531
2532
2533
2538
2541
2544
2547
2549
2550
2554
2557
2560
2561
2563
2564
2565
2571
2574
2575
2576
2577
2581
2586
2587
2588
2589
2593
2594
2595
2596
2598
2603
2606
2608
2609
2613
2614
2616
2617
2618
2619
2620
2621
2622
2623
2626
2628
2630
2631
2634
2635
2638
2639
2640
2641
2642
2643
2647
2648
2649
2650
2651
2653
2654
2655
2657
2659
2661
2662
2670
2672
2674
2676
2679
2682
2683
2685
2686
2687
2688
2690
2691
2692
2693
2695
2696
2697
2699
2700
2701
2702
2703
2706
2707
2708
2710
2715
2716
2718
2720
2722
2723
2724
2728
2729
2730
2731
2732
2734
2736
2737
2739
2744
2746
2747
2748
2749
2750
2753
2754
2755
2756
2758
2760
2761
2764
2769
2770
2771
2772
2773
2775
2776
2778
2780
2781
2783
2786
2787
2789
2793
2794
2795
2796
2798
2800
2801
2803
2804
2808
2809
2811
2813
2815
2819
2820
2821
2823
2824
2825
2826
2827
2828
2829
2830
2831
2832
2833
2835
2836
2839
2843
2844
2845
2847
2849
2851
2852
2855
2856
2857
2859
2861
2864
2873
2874
2877
2878
2879
2882
2885
2886
2887
2888
2889
2890
2891
2892
2893
2894
2895
2896
2899
2900
2901
2905
2907
2909
2910
2914
2916
2920
2922
2925
2928
2930
2932
2934
2935
2936
2939
2941
2942
2944
2945
2946
2948
2949
2950
2951
2955
2956
2957
2961
2964
2965
2968
2969
2971
2973
2974
2976
2977
2979
2984
2987
2989
2990
2991
2992
2993
2994
2995
2998
2999
3001
3007
3010
3012
3014
3016
3017
3018
3019
3020
3021
3022
3023
3024
3025
3026
3027
3028
3029
3030
3031
3033
3034
3037
3039
3040
3043
3047
3048
3049
3050
3051
3052
3053
3054
3055
3056
3059
3061
3064
3066
3067
3069
3070
3071
3072
3073
3074
3076
3077
3078
3079
3080
3081
3083
3085
3086
3089
3091
3092
3094
3096
3097
3099
3100
3101
3102
3106
3108
3112
3114
3115
3116
3117
3118
3120
3121
3122
3123
3125
3126
3127
3128
3129
3130
3133
3134
3135
3137
3138
3139
3140
3141
3143
3144
3145
3146
3150
3153
3154
3156
3158
3159
3160
3161
3162
3163
3165
3171
3174
3175
3176
3178
3180
3181
3182
3183
3184
3186
3188
3190
3191
3192
3193
3194
3196
3197
3199
3201
3203
3204
3205
3206
3208
3211
3214
3216
3219
3220
3221
3223
3224
3225
3230
3231
3232
3233
3235
3236
3237
3239
3240
3241
3242
3243
3246
3250
3251
3255
3258
3259
3260
3261
3262
3263
3265
3266
3267
3268
3269
3271
3272
3274
3275
3276
3279
3280
3284
3285
3287
3289
3290
3292
3295
3296
3297
3298
3301
3302
3303
3304
3305
3307
3308
3309
3310
3312
3313
3315
3317
3319
3320
3321
3323
3325
3326
3330
3331
3332
3333
3334
3336
3337
3341
3342
3343
3346
3347
3348
3349
3350
3352
3354
3355
3357
3358
3359
3360
3362
3363
3364
3365
3367
3369
3370
3371
3372
3373
3374
3375
3376
3379
3380
3381
3383
3388
3392
3393
3394
3395
3396
3398
3399
3401
3403
3405
3407
3408
3409
3410
3412
3414
3415
3416
3418
3419
3425
3428
3429
3430
3431
3432
3434
3436
3437
3438
3439
3441
3443
3444
3445
3446
3447
3448
3450
3452
3453
3454
3455
3459
3460
3462
3465
3467
3468
3469
3470
3471
3472
3474
3475
3476
3477
3480
3483
3485
3487
3488
3489
3491
3494
3495
3496
3501
3504
3507
3510
3511
3512
3514
3515
3516
3518
3519
3520
3521
3522
3524
3526
3527
3528
3529
3530
3532
3533
3534
3536
3537
3538
3539
3540
3541
3543
3545
3546
3547
3549
3551
3554
3557
3558
3559
3561
3566
3567
3569
3570
3572
3573
3574
3577
3578
3580
3583
3584
3585
3588
3589
3591
3592
3594
3596
3598
3599
3600
3601
3604
3607
3608
3609
3610
3612
3615
3616
3619
3622
3623
3624
3625
3627
3628
3629
3630
3631
3632
3633
3634
3635
3636
3637
3640
3641
3642
3643
3646
3647
3648
3651
3652
3655
3657
3658
3659
3660
3661
3662
3667
3668
3669
3670
3671
3672
3673
3677
3678
3679
3680
3681
3686
3688
3690
3691
3695
3696
3697
3698
3699
3700
3702
3703
3704
3706
3707
3708
3709
3710
3711
3713
3714
3716
3718
3720
3721
3722
3723
3725
3726
3727
3729
3730
3731
3735
3737
3739
3741
3742
3743
3746
3747
3748
3749
3751
3752
3756
3758
3759
3760
3761
3762
3765
3766
3767
3768
3769
3771
3772
3773
3776
3777
3778
3780
3781
3785
3787
3790
3791
3794
3795
3796
3797
3798
3799
3800
3802
3803
3804
3805
3806
3808
3811
3816
3817
3818
3820
3821
3822
3823
3824
3825
3828
3835
3839
3842
3843
3845
3848
3850
3851
3852
3855
3856
3858
3862
3865
3866
3867
3868
3869
3870
3872
3873
3875
3876
3878
3879
3883
3884
3885
3887
3888
3889
3891
3895
3896
3897
3898
3899
3901
3902
3904
3905
3908
3912
3914
3915
3916
3917
3918
3920
3921
3925
3927
3930
3931
3935
3936
3938
3939
3942
3944
3945
3952
3955
3957
3959
3961
3963
3964
3965
3968
3969
3970
3971
3973
3975
3978
3979
3980
3986
3987
3991
3994
3995
3997
3999
4001
4002
4003
4004
4007
4008
4009
4015
4016
4017
4018
4019
4021
4024
4025
4026
4027
4028
4030
4033
4035
4036
4037
4038
4040
4041
4042
4043
4047
4051
4052
4053
4054
4055
4056
4057
4060
4064
4065
4066
4068
4070
4071
4072
4073
4075
4077
4078
4080
4082
4084
4087
4089
4090
4095
4097
4098
4099
4100
4101
4103
4104
4105
4107
4108
4109
4111
4113
4116
4120
4123
4127
4128
4129
4130
4131
4132
4135
4136
4137
4139
4141
4143
4146
4147
4149
4150
4151
4152
4153
4154
4155
4156
4157
4159
4161
4162
4163
4167
4168
4169
4170
4172
4176
4177
4180
4181
4182
4183
4184
4189
4190
4191
4192
4193
4194
4195
4197
4198
4199
4200
4201
4206
4207
4208
4210
4213
4214
4216
4218
4221
4222
4224
4225
4226
4227
4228
4229
4232
4236
4238
4239
4240
4241
4243
4244
4246
4249
4250
4251
4252
4253
4255
4258
4260
4261
4262
4264
4268
4269
4270
4272
4274
4278
4279
4280
4282
4284
4285
4286
4288
4289
4290
4291
4292
4293
4294
4297
4298
4299
4300
4303
4304
4306
4307
4313
4314
4317
4318
4319
4320
4322
4324
4325
4327
4329
4330
4332
4333
4334
4335
4336
4338
4339
4340
4342
4344
4347
4348
4350
4351
4352
4354
4355
4356
4357
4361
4363
4366
4367
4368
4370
4371
4372
4375
4376
4377
4379
4381
4382
4384
4385
4386
4387
4388
4389
4391
4392
4393
4394
4395
4396
4400
4401
4403
4404
4405
4406
4409
4411
4412
4413
4414
4415
4419
4421
4422
4424
4427
4429
4433
4434
4435
4439
4440
4447
4448
4449
4451
4452
4454
4457
4458
4460
4461
4463
4465
4467
4468
4469
4470
4472
4473
4474
4476
4477
4478
4479
4483
4484
4493
4494
4495
4496
4498
4499
4500
4501
4502
4503
4504
4506
4507
4510
4511
4513
4514
4515
4517
4521
4523
4524
4525
4527
4529
4531
4532
4533
4534
4535
4542
4544
4548
4550
4552
4553
4555
4556
4557
4558
4559
4561
4562
4565
4567
4568
4570
4572
4574
4575
4577
4579
4580
4581
4582
4583
4584
4586
4588
4591
4593
4594
4597
4598
4601
4602
4604
4606
4607
4609
4610
4617
4618
4620
4621
4622
4623
4626
4629
4631
4633
4634
4637
4638
4640
4642
4643
4644
4645
4647
4649
4651
4652
4656
4657
4662
4664
4666
4667
4668
4669
4671
4672
4673
4675
4676
4677
4678
4679
4682
4684
4685
4686
4687
4688
4690
4692
4693
4694
4695
4697
4698
4699
4701
4705
4707
4708
4710
4712
4715
4717
4718
4719
4720
4722
4725
4726
4729
4730
4731
4732
4735
4736
4738
4739
4740
4741
4742
4743
4744
4745
4746
4747
4752
4753
4756
4757
4758
4760
4762
4763
4764
4765
4767
4770
4771
4773
4774
4776
4779
4780
4782
4785
4787
4789
4790
4792
4794
4795
4799
4801
4802
4803
4805
4807
4808
4809
4810
4811
4813
4816
4817
4818
4821
4822
4823
4824
4825
4826
4828
4829
4831
4832
4833
4834
4835
4836
4837
4838
4840
4841
4842
4843
4847
4849
4853
4855
4856
4857
4858
4861
4862
4863
4866
4870
4872
4873
4876
4878
4881
4882
4886
4888
4889
4890
4891
4893
4894
4896
4899
4900
4902
4903
4906
4907
4909
4910
4915
4919
4920
4921
4922
4924
4925
4929
4931
4933
4934
4935
4937
4939
4940
4941
4943
4944
4945
4948
4949
4950
4954
4955
4956
4957
4958
4959
4961
4963
4964
4965
4967
4969
4970
4971
4972
4974
4976
4979
4981
4986
4988
4991
4992
4996
4997
4998
4999
5001
5002
5004
5005
5008
5009
5014
5015
5016
5017
5018
5020
5023
5024
5026
5027
5028
5029
5030
5034
5036
5037
5038
5040
5043
5044
5045
5046
5047
5048
5050
5051
5053
5054
5055
5056
5057
5058
5060
5061
5062
5063
5065
5066
5070
5071
5072
5073
5075
5076
5077
5078
5079
5080
5081
5082
5083
5085
5086
5087
5088
5091
5093
5095
5098
5099
5100
5102
5103
5104
5105
5107
5108
5110
5112
5113
5114
5115
5117
5118
5120
5121
5123
5125
5127
5132
5134
5135
5136
5138
5139
5140
5142
5145
5146
5147
5148
5149
5150
5151
5152
5153
5160
5161
5162
5163
5164
5165
5167
5169
5170
5172
5174
5175
5176
5177
5178
5179
5180
5181
5182
5183
5185
5186
5187
5188
5193
5196
5199
5201
5202
5204
5206
5207
5209
5211
5214
5215
5216
5218
5223
5224
5225
5226
5230
5231
5233
5234
5237
5242
5243
5244
5245
5246
5250
5253
5258
5260
5264
5265
5267
5268
5275
5276
5277
5279
5282
5285
5286
5289
5290
5291
5292
5293
5294
5295
5296
5297
5298
5299
5301
5303
5305
5306
5307
5308
5309
5312
5314
5317
5318
5319
5320
5321
5322
5323
5325
5326
5327
5328
5330
5333
5334
5337
5338
5340
5344
5345
5348
5349
5350
5351
5352
5355
5356
5357
5358
5359
5360
5361
5362
5367
5368
5369
5370
5372
5373
5375
5377
5378
5381
5382
5384
5385
5387
5389
5390
5392
5395
5397
5399
5400
5401
5403
5404
5405
5409
5412
5415
5417
5420
5421
5424
5426
5427
5428
5429
5430
5434
5436
5437
5438
5439
5440
5441
5442
5443
5444
5445
5447
5449
5450
5453
5455
5458
5460
5461
5462
5463
5464
5465
5466
5469
5470
5471
5472
5474
5475
5477
5478
5479
5480
5481
5484
5485
5486
5487
5488
5490
5492
5493
5494
5496
5498
5501
5505
5506
5507
5510
5511
5512
5513
5516
5517
5518
5520
5524
5526
5527
5529
5531
5532
5533
5536
5537
5538
5539
5541
5542
5543
5545
5546
5548
5551
5553
5557
5558
5559
5561
5563
5565
5566
5567
5570
5572
5573
5574
5575
5576
5577
5578
5581
5582
5583
5584
5585
5586
5588
5589
5590
5591
5593
5594
5595
5599
5600
5602
5603
5607
5608
5610
5611
5612
5613
5614
5616
5617
5620
5621
5622
5623
5625
5626
5628
5629
5630
5631
5632
5633
5635
5636
5637
5638
5639
5641
5642
5643
5644
5645
5647
5648
5651
5654
5656
5660
5661
5663
5665
5668
5669
5671
5672
5673
5674
5675
5677
5678
5679
5682
5683
5684
5685
5690
5691
5693
5702
5703
5704
5705
5706
5707
5710
5711
5713
5714
5716
5717
5718
5719
5720
5727
5728
5729
5733
5734
5740
5742
5743
5744
5746
5748
5749
5750
5751
5752
5753
5754
5755
5756
5757
5758
5759
5760
5761
5762
5763
5765
5766
5767
5768
5772
5775
5776
5777
5778
5779
5780
5781
5783
5785
5786
5787
5790
5792
5795
5796
5797
5798
5801
5802
5804
5807
5808
5809
5810
5811
5813
5814
5815
5816
5817
5819
5820
5821
5822
5827
5828
5829
5830
5832
5833
5834
5835
5836
5839
5840
5843
5844
5845
5846
5847
5849
5850
5852
5854
5857
5858
5859
5860
5861
5862
5863
5865
5866
5867
5868
5869
5870
5871
5872
5873
5875
5876
5877
5878
5879
5880
5883
5885
5886
5888
5890
5891
5892
5893
5894
5895
5897
5898
5899
5900
5901
5902
5903
5906
5909
5910
5911
5913
5916
5917
5918
5919
5920
5922
5923
5924
5926
5927
5930
5933
5934
5938
5939
5940
5941
5944
5946
5947
5948
5949
5950
5951
5952
5953
5955
5957
5959
5961
5964
5965
5966
5967
5969
5971
5972
5973
5974
5975
5976
5977
5978
5979
5980
5981
5987
5988
5992
5994
5996
5998
5999
6000
6001
6002
6004
6006
6009
6011
6012
6013
6014
6015
6019
6020
6023
6024
6027
6028
6029
6030
6031
6032
6033
6034
6036
6037
6038
6040
6041
6042
6044
6046
6047
6048
6049
6050
6051
6056
6057
6058
6060
6061
6062
6065
6066
6070
6071
6072
6073
6078
6081
6082
6086
6087
6090
6093
6095
6096
6103
6105
6106
6107
6108
6110
6112
6114
6115
6116
6119
6121
6122
6123
6125
6127
6130
6131
6140
6142
6144
6148
6149
6150
6151
6152
6153
6154
6155
6157
6159
6160
6161
6162
6165
6166
6167
6173
6174
6176
6177
6179
6180
6185
6186
6187
6188
6189
6190
6192
6194
6195
6198
6199
6200
6201
6202
6204
6205
6210
6211
6212
6213
6214
6215
6216
6217
6221
6222
6223
6225
6226
6227
6228
6230
6231
6232
6234
6235
6237
6239
6240
6243
6244
6245
6246
6247
6248
6250
6253
6254
6255
6258
6259
6261
6263
6265
6266
6267
6268
6269
6271
6273
6274
6275
6276
6278
6282
6283
6284
6285
6287
6289
6292
6293
6294
6295
6298
6299
6300
6301
6302
6305
6306
6308
6310
6311
6313
6315
6317
6319
6320
6323
6325
6326
6327
6328
6330
6334
6335
6337
6340
6342
6344
6345
6346
6347
6349
6350
6351
6352
6355
6358
6361
6362
6363
6364
6366
6368
6369
6370
6371
6372
6375
6376
6377
6378
6381
6382
6384
6385
6389
6391
6394
6397
6398
6399
6400
6401
6405
6408
6411
6414
6419
6424
6425
6428
6429
6430
6431
6432
6433
6434
6435
6436
6437
6438
6441
6442
6443
6445
6450
6451
6452
6453
6454
6463
6464
6465
6468
6471
6475
6477
6478
6480
6481
6483
6484
6486
6490
6492
6495
6496
6497
6502
6503
6505
6507
6508
6509
6511
6512
6513
6515
6517
6519
6520
6523
6524
6525
6527
6528
6530
6532
6534
6535
6536
6538
6540
6542
6551
6553
6554
6555
6557
6560
6564
6565
6567
6569
6570
6571
6573
6575
6578
6579
6587
6588
6591
6592
6593
6594
6596
6598
6599
6600
6602
6603
6606
6608
6609
6612
6614
6616
6617
6618
6622
6624
6625
6626
6627
6628
6629
6630
6631
6633
6634
6635
6638
6639
6640
6641
6642
6644
6646
6649
6650
6651
6652
6653
6655
6658
6659
6660
6663
6665
6667
6669
6671
6672
6673
6674
6675
6676
6677
6679
6681
6685
6686
6688
6691
6692
6697
6698
6700
6701
6702
6703
6704
6706
6707
6708
6710
6711
6712
6713
6714
6715
6716
6718
6719
6720
6721
6722
6723
6726
6728
6730
6731
6732
6733
6741
6742
6743
6744
6747
6748
6749
6752
6753
6754
6756
6758
6759
6760
6761
6763
6764
6767
6769
6770
6777
6779
6781
6783
6784
6785
6786
6788
6789
6790
6791
6792
6793
6794
6796
6797
6798
6799
6802
6803
6804
6805
6806
6807
6808
6810
6812
6814
6815
6816
6817
6819
6820
6823
6824
6825
6826
6828
6829
6831
6832
6834
6837
6838
6840
6841
6845
6846
6848
6849
6850
6851
6853
6854
6855
6856
6858
6859
6860
6867
6868
6869
6870
6871
6872
6874
6876
6878
6879
6880
6882
6884
6885
6887
6888
6891
6892
6893
6895
6899
6900
6903
6904
6905
6906
6907
6908
6916
6917
6919
6920
6922
6924
6925
6928
6930
6931
6932
6933
6935
6936
6937
6938
6940
6941
6943
6944
6947
6949
6950
6951
6953
6954
6959
6960
6961
6963
6964
6965
6966
6968
6971
6972
6973
6974
6977
6979
6980
6983
6984
6986
6987
6988
6989
6990
6995
6997
6999
7000
7001
7002
7003
7005
7006
7007
7008
7009
7010
7011
7012
7013
7014
7015
7016
7017
7020
7022
7023
7027
7030
7031
7034
7035
7039
7040
7044
7045
7051
7052
7056
7057
7058
7062
7063
7064
7066
7067
7070
7071
7074
7075
7076
7078
7079
7080
7082
7083
7085
7086
7088
7090
7091
7092
7094
7096
7097
7098
7100
7102
7103
7104
7105
7106
7107
7108
7110
7111
7112
7113
7114
7116
7117
7118
7121
7122
7123
7125
7126
7127
7128
7130
7132
7133
7134
7135
7136
7137
7138
7139
7140
7141
7142
7143
7151
7153
7154
7156
7158
7159
7162
7165
7166
7168
7169
7171
7172
7175
7176
7177
7178
7179
7183
7184
7185
7186
7187
7188
7189
7191
7195
7196
7198
7199
7200
7201
7202
7203
7204
7205
7207
7211
7212
7213
7214
7216
7219
7220
7221
7223
7224
7226
7227
7230
7231
7232
7233
7234
7235
7236
7237
7238
7241
7242
7243
7244
7245
7246
7247
7248
7249
7250
7251
7252
7253
7254
7255
7256
7258
7259
7261
7262
7263
7265
7266
7270
7272
7273
7274
7276
7277
7278
7279
7283
7284
7285
7286
7287
7289
7290
7291
7292
7295
7296
7298
7301
7302
7306
7307
7308
7309
7310
7311
7312
7316
7317
7320
7321
7322
7328
7329
7330
7331
7332
7333
7334
7336
7337
7339
7340
7341
7342
7343
7344
7347
7350
7352
7359
7360
7361
7363
7364
7368
7369
7370
7371
7372
7374
7375
7378
7379
7380
7381
7383
7384
7388
7389
7392
7393
7396
7397
7398
7401
7402
7404
7405
7407
7408
7409
7411
7413
7415
7419
7420
7421
7422
7423
7424
7427
7428
7429
7431
7434
7435
7436
7440
7441
7442
7444
7445
7446
7447
7448
7449
7450
7451
7453
7454
7455
7456
7458
7459
7460
7462
7463
7464
7469
7472
7473
7474
7477
7479
7480
7482
7488
7489
7491
7492
7495
7498
7500
7501
7502
7504
7506
7507
7508
7509
7510
7512
7513
7514
7515
7516
7517
7519
7522
7523
7524
7526
7528
7529
7530
7531
7532
7533
7538
7541
7545
7547
7551
7552
7553
7555
7556
7558
7559
7561
7562
7563
7566
7567
7569
7570
7571
7574
7575
7576
7577
7578
7579
7581
7582
7583
7585
7586
7587
7589
7590
7591
7593
7596
7598
