2
6
8
9
10
11
13
16
18
19
21
22
24
25
26
27
29
30
32
33
34
35
36
37
38
39
40
41
44
46
47
48
50
51
52
53
54
55
56
59
60
61
63
64
67
68
69
72
74
76
78
80
81
82
84
85
86
87
88
89
90
91
93
94
97
98
102
105
107
108
109
110
111
112
113
114
117
118
120
121
122
123
124
129
130
131
132
134
136
137
138
139
140
141
143
144
145
147
150
153
154
156
158
159
160
161
162
168
170
172
174
175
180
181
182
183
184
185
186
189
191
192
193
194
195
196
197
200
201
202
203
204
205
206
207
208
211
212
214
218
219
221
223
226
228
230
231
234
235
237
239
240
241
245
247
248
251
252
253
254
256
257
258
260
261
262
263
264
266
268
269
271
272
274
276
277
279
281
282
283
284
285
287
289
291
292
293
296
297
298
299
300
302
305
308
309
311
313
316
317
319
321
322
323
325
327
329
330
331
332
335
336
337
338
339
340
342
345
348
349
353
355
356
357
358
359
360
363
364
365
366
367
368
369
370
372
375
376
378
379
381
384
385
386
387
389
391
392
395
397
400
401
402
405
407
409
410
411
413
414
415
416
417
418
420
422
424
425
426
427
428
429
431
432
433
434
436
438
439
440
441
442
445
447
448
449
452
453
454
455
457
459
463
465
467
468
469
470
472
474
476
477
478
479
480
481
482
483
484
485
486
487
488
490
492
495
496
497
498
499
500
501
502
503
506
508
509
511
513
514
515
519
521
523
525
526
528
529
530
532
534
535
536
537
538
539
540
542
545
547
548
549
550
553
555
556
559
562
566
568
570
571
573
575
576
579
581
583
584
586
587
588
591
593
594
595
597
599
601
603
605
608
609
611
612
613
615
617
619
620
622
623
624
626
627
628
629
630
631
632
633
634
635
636
638
639
640
644
645
646
652
653
654
656
657
658
659
665
668
669
671
673
674
675
678
681
682
683
684
688
689
690
693
694
695
697
701
702
703
704
705
708
710
712
713
714
715
717
720
722
723
724
729
730
731
732
733
735
736
737
738
739
740
741
744
746
747
748
750
751
753
754
755
756
758
760
763
764
765
766
767
768
771
774
776
777
783
785
786
789
790
791
793
794
796
797
798
800
802
805
806
807
809
810
811
815
818
819
822
824
825
826
828
829
830
833
835
836
837
838
840
841
843
846
847
848
849
850
851
852
854
855
856
858
859
861
862
863
864
866
867
869
870
876
878
880
881
882
885
886
887
888
889
891
897
901
904
905
908
909
911
912
918
919
921
923
924
925
926
929
937
938
940
941
942
943
945
948
950
952
953
954
963
965
966
968
970
973
974
975
978
979
980
982
985
986
987
988
990
991
992
993
994
996
997
998
999
1000
1002
1003
1004
1005
1006
1010
1011
1013
1021
1022
1023
1024
1027
1028
1029
1033
1034
1035
1036
1037
1039
1041
1042
1043
1046
1047
1048
1049
1053
1056
1057
1058
1060
1061
1063
1064
1066
1068
1069
1071
1073
1075
1076
1081
1083
1084
1085
1086
1088
1090
1092
1095
1096
1097
1098
1100
1101
1102
1103
1104
1106
1107
1111
1112
1114
1116
1119
1122
1123
1124
1125
1126
1132
1133
1135
1136
1137
1139
1140
1141
1143
1146
1147
1149
1150
1154
1155
1156
1159
1160
1162
1164
1167
1168
1169
1170
1172
1173
1174
1176
1178
1181
1184
1185
1186
1187
1189
1192
1193
1195
1196
1197
1198
1199
1201
1204
1205
1206
1209
1210
1212
1214
1215
1216
1219
1220
1223
1226
1227
1230
1231
1233
1238
1240
1241
1242
1243
1245
1246
1247
1249
1250
1251
1252
1255
1256
1257
1258
1259
1260
1262
1264
1265
1266
1267
1269
1272
1273
1274
1275
1276
1277
1278
1279
1281
1282
1283
1284
1287
1288
1289
1290
1294
1295
1296
1297
1298
1299
1301
1303
1306
1307
1308
1309
1310
1311
1313
1314
1316
1317
1318
1320
1321
1322
1325
1328
1329
1331
1332
1333
1336
1337
1338
1340
1341
1342
1343
1344
1345
1348
1350
1353
1356
1357
1358
1361
1362
1364
1365
1366
1367
1368
1369
1370
1372
1373
1374
1375
1379
1383
1385
1386
1387
1388
1390
1391
1393
1396
1397
1398
1399
1400
1401
1403
1404
1406
1408
1409
1412
1414
1415
1416
1417
1418
1419
1420
1423
1428
1430
1432
1433
1434
1435
1438
1439
1443
1445
1446
1449
1450
1453
1455
1456
1458
1460
1461
1463
1464
1466
1467
1468
1470
1471
1472
1474
1477
1478
1479
1481
1483
1487
1489
1491
1492
1494
1496
1497
1498
1499
1501
1503
1505
1506
1507
1508
1509
1510
1511
1512
1514
1515
1517
1518
1519
1520
1521
1525
1526
1527
1528
1529
1530
1531
1532
1535
1536
1538
1539
1540
1543
1544
1545
1546
1547
1548
1549
1550
1551
1552
1553
1555
1558
1559
1560
1561
1562
1563
1566
1567
1572
1573
1575
1577
1578
1579
1581
1582
1583
1584
1586
1589
1591
1592
1593
1595
1596
1598
1600
1601
1602
1603
1604
1605
1606
1609
1610
1612
1613
1614
1616
1617
1618
1619
1624
1625
1627
1629
1635
1638
1641
1645
1647
1648
1649
1650
1651
1652
1653
1655
1657
1658
1659
1660
1664
1665
1666
1667
1668
1669
1670
1671
1674
1677
1678
1679
1685
1689
1694
1696
1698
1699
1701
1702
1703
1704
1706
1708
1709
1711
1714
1718
1719
1721
1723
1725
1726
1730
1731
1732
1734
1737
1740
1741
1742
1743
1746
1747
1748
1749
1753
1756
1757
1758
1759
1760
1763
1765
1767
1768
1769
1770
1772
1773
1775
1777
1778
1779
1780
1781
1783
1785
1786
1787
1788
1789
1791
1792
1793
1794
1799
1800
1801
1802
1804
1806
1807
1808
1809
1810
1814
1815
1816
1817
1819
1821
1822
1824
1827
1828
1829
1830
1831
1832
1834
1836
1838
1839
1841
1842
1844
1845
1847
1851
1852
1855
1856
1857
1858
1860
1861
1862
1863
1866
1867
1868
1869
1870
1871
1872
1876
1879
1880
1882
1885
1886
1887
1888
1890
1891
1892
1894
1897
1898
1899
1900
1902
1903
1906
1908
1909
1910
1912
1913
1914
1915
1916
1917
1918
1921
1926
1927
1930
1931
1932
1933
1934
1935
1936
1938
1940
1942
1943
1944
1945
1948
1949
1952
1954
1955
1956
1957
1962
1963
1965
1967
1972
1973
1975
1978
1979
1980
1981
1982
1983
1986
1987
1988
1989
1990
1993
1994
1995
1996
1998
2000
2001
2004
2006
2007
2008
2009
2011
2016
2017
2018
2021
2023
2024
2027
2028
2031
2032
2033
2034
2035
2038
2039
2041
2042
2043
2045
2046
2048
2049
2052
2054
2055
2056
2058
2059
2060
2061
2064
2067
2068
2069
2070
2071
2073
2075
2077
2078
2079
2080
2081
2088
2090
2091
2092
2094
2095
2096
2097
2100
2101
2102
2103
2105
2107
2108
2110
2111
2112
2114
2115
2116
2117
2119
2123
2124
2125
2128
2129
2130
2132
2135
2138
2139
2141
2144
2147
2148
2149
2150
2152
2153
2155
2156
2158
2159
2160
2163
2166
2169
2170
2171
2172
2175
2176
2180
2182
2185
2186
2187
2188
2191
2192
2193
2195
2196
2198
2199
2202
2205
2207
2208
2209
2210
2211
2214
2215
2216
2220
2221
2223
2224
2225
2226
2229
2231
2232
2233
2234
2235
2236
2241
2242
2243
2244
2246
2247
2248
2249
2250
2254
2256
2257
2258
2260
2261
2262
2263
2264
2268
2269
2270
2274
2275
2278
2279
2280
2281
2284
2285
2286
2288
2289
2290
2291
2294
2295
2297
2298
2300
2301
2302
2303
2306
2308
2310
2311
2313
2315
2317
2318
2319
2321
2322
2323
2327
2328
2329
2331
2334
2335
2336
2338
2340
2342
2343
2345
2346
2347
2348
2349
2351
2352
2354
2357
2358
2360
2361
2362
2363
2364
2365
2366
2372
2373
2376
2378
2379
2380
2382
2383
2385
2387
2388
2389
2390
2392
2400
2401
2402
2403
2404
2408
2410
2411
2412
2414
2417
2418
2420
2424
2430
2431
2434
2437
2439
2440
2442
2443
2444
2445
2447
2450
2452
2454
2456
2457
2458
2459
2461
2463
2465
2466
2467
2468
2469
2470
2471
2473
2476
2479
2480
2481
2482
2483
2489
2490
2491
2492
2493
2494
2496
2501
2504
2505
2508
2511
2513
2514
2515
2516
2517
2519
2520
2521
2523
2525
2526
2527
2528
2529
2531
2532
2533
2534
2535
2537
2541
2542
2543
2544
2545
2546
2547
2548
2550
2554
2555
2557
2559
2561
2562
2563
2564
2565
2569
2571
2573
2575
2577
2578
2579
2580
2582
2583
2585
2586
2587
2588
2589
2591
2593
2594
2596
2597
2599
2600
2601
2602
2603
2607
2609
2612
2613
2614
2615
2616
2622
2623
2624
2625
2626
2628
2629
2630
2631
2632
2633
2634
2638
2639
2641
2642
2643
2645
2646
2647
2648
2649
2650
2654
2660
2663
2665
2666
2668
2670
2671
2673
2675
2676
2678
2679
2681
2683
2686
2687
2688
2689
2690
2691
2692
2693
2696
2697
2698
2702
2703
2704
2706
2707
2709
2710
2711
2712
2713
2714
2716
2717
2720
2723
2724
2725
2726
2731
2732
2737
2740
2741
2745
2746
2747
2748
2749
2751
2752
2754
2755
2757
2758
2759
2761
2762
2763
2764
2767
2768
2769
2772
2773
2774
2776
2777
2778
2779
2780
2781
2782
2783
2786
2789
2791
2792
2793
2796
2797
2798
2802
2803
2804
2806
2808
2809
2810
2811
2812
2814
2819
2820
2821
2822
2823
2824
2825
2826
2827
2828
2829
2830
2832
2834
2836
2837
2839
2840
2841
2842
2843
2845
2847
2848
2849
2850
2851
2852
2854
2856
2857
2858
2859
2862
2864
2866
2867
2868
2870
2871
2872
2876
2878
2882
2883
2884
2887
2888
2891
2897
2898
2899
2900
2901
2902
2904
2906
2907
2908
2909
2912
2914
2918
2920
2922
2924
2927
2928
2929
2930
2932
2934
2940
2941
2942
2943
2944
2945
2946
2947
2948
2949
2951
2952
2954
2955
2956
2957
2958
2962
2963
2964
2965
2966
2967
2968
2969
2971
2973
2974
2975
2976
2977
2981
2982
2984
2985
2987
2988
2990
2992
2993
2995
2998
3000
3002
3003
3004
3005
3006
3007
3008
3009
3010
3011
3015
3016
3017
3018
3019
3021
3022
3024
3028
3029
3030
3031
3035
3036
3037
3038
3039
3043
3045
3047
3049
3050
3051
3052
3056
3057
3059
3063
3064
3065
3067
3068
3069
3071
3072
3073
3074
3075
3076
3077
3079
3081
3082
3083
3085
3086
3092
3093
3096
3097
3099
3101
3103
3104
3105
3106
3107
3108
3110
3112
3113
3115
3116
3118
3119
3120
3121
3122
3124
3126
3127
3128
3130
3132
3134
3135
3136
3137
3138
3140
3142
3143
3144
3145
3146
3147
3148
3149
3150
3151
3154
3155
3156
3158
3159
3161
3162
3164
3165
3166
3167
3169
3171
3173
3177
3178
3179
3180
3181
3183
3184
3185
3186
3187
3188
3190
3193
3194
3197
3199
3200
3202
3203
3204
3206
3208
3210
3211
3212
3213
3214
3215
3217
3218
3220
3221
3223
3224
3226
3228
3230
3231
3232
3233
3235
3236
3239
3240
3242
3244
3246
3247
3248
3249
3250
3252
3255
3257
3261
3262
3263
3264
3273
3274
3276
3279
3280
3281
3286
3287
3288
3290
3291
3292
3293
3294
3296
3297
3299
3301
3302
3305
3309
3310
3312
3313
3318
3319
3320
3321
3322
3323
3324
3326
3328
3329
3330
3331
3336
3338
3339
3340
3343
3346
3347
3348
3349
3350
3351
3354
3355
3356
3360
3361
3362
3365
3366
3367
3371
3372
3373
3374
3376
3379
3380
3381
3383
3384
3386
3390
3391
3393
3396
3398
3400
3402
3404
3405
3413
3414
3416
3417
3418
3419
3420
3421
3426
3427
3429
3430
3431
3434
3435
3436
3438
3439
3443
3445
3446
3447
3448
3455
3456
3457
3458
3460
3461
3462
3464
3467
3469
3470
3471
3473
3474
3475
3476
3477
3479
3480
3482
3483
3484
3485
3486
3487
3488
3489
3490
3492
3493
3497
3498
3499
3500
3501
3507
3508
3509
3512
3513
3514
3515
3516
3517
3518
3519
3520
3521
3522
3524
3525
3526
3528
3531
3532
3535
3536
3539
3541
3548
3549
3550
3551
3552
3555
3556
3559
3560
3561
3562
3567
3571
3575
3576
3577
3581
3584
3586
3587
3590
3591
3594
3596
3597
3598
3600
3601
3605
3606
3607
3608
3610
3612
3613
3614
3616
3617
3619
3620
3621
3622
3625
3626
3629
3630
3631
3632
3633
3635
3636
3637
3640
3641
3642
3643
3644
3645
3646
3647
3648
3649
3650
3652
3654
3656
3658
3659
3660
3662
3663
3664
3667
3668
3669
3670
3671
3673
3674
3675
3677
3678
3679
3680
3682
3683
3684
3685
3686
3687
3688
3689
3691
3693
3694
3695
3700
3703
3704
3707
3708
3710
3711
3714
3715
3716
3723
3724
3725
3726
3728
3729
3730
3731
3732
3733
3734
3736
3738
3741
3743
3744
3747
3748
3749
3753
3756
3757
3764
3765
3768
3776
3778
3781
3782
3783
3784
3787
3791
3794
3795
3797
3798
3799
3800
3801
3804
3807
3808
3809
3812
3813
3814
3815
3816
3817
3818
3819
3821
3824
3826
3827
3828
3830
3831
3832
3834
3835
3836
3841
3845
3846
3849
3850
3852
3853
3854
3855
3857
3859
3861
3862
3863
3864
3866
3867
3868
3869
3875
3877
3878
3881
3883
3886
3889
3891
3892
3894
3895
3896
3899
3902
3903
3905
3906
3907
3908
3909
3911
3912
3913
3914
3917
3918
3920
3921
3923
3924
3925
3926
3929
3930
3931
3932
3937
3938
3939
3941
3942
3946
3947
3948
3949
3950
3952
3954
3955
3959
3963
3964
3965
3966
3968
3969
3970
3971
3972
3973
3978
3979
3982
3984
3985
3987
3990
3991
3992
3993
3994
3995
3997
3998
4000
4003
4005
4008
4009
4010
4011
4012
4013
4014
4015
4016
4017
4018
4020
4022
4024
4025
4027
4028
4029
4030
4031
4032
4033
4034
4037
4039
4040
4042
4043
4045
4046
4047
4051
4052
4053
4055
4057
4061
4063
4064
4066
4067
4069
4071
4073
4074
4075
4076
4077
4078
4080
4083
4084
4086
4087
4088
4089
4090
4091
4092
4094
4095
4097
4098
4100
4101
4103
4104
4107
4109
4110
4112
4114
4116
4118
4120
4122
4126
4129
4130
4131
4132
4133
4134
4135
4140
4142
4143
4144
4147
4148
4150
4151
4152
4153
4154
4155
4159
4160
4161
4162
4167
4168
4169
4170
4171
4172
4173
4174
4177
4178
4182
4183
4184
4185
4186
4189
4193
4194
4195
4199
4200
4202
4203
4204
4207
4210
4211
4212
4213
4214
4215
4216
4217
4218
4219
4220
4222
4223
4226
4227
4228
4229
4230
4234
4235
4236
4238
4240
4243
4244
4245
4248
4249
4251
4255
4256
4257
4258
4259
4261
4262
4263
4267
4268
4271
4273
4274
4276
4278
4279
4281
4283
4285
4287
4288
4291
4293
4294
4295
4298
4299
4300
4301
4304
4306
4307
4310
4313
4314
4315
4316
4317
4319
4320
4321
4323
4325
4329
4332
4336
4337
4338
4341
4343
4346
4347
4349
4350
4351
4352
4353
4354
4356
4357
4360
4363
4364
4365
4366
4368
4370
4371
4373
4374
4375
4376
4379
4381
4382
4385
4386
4387
4389
4390
4391
4394
4397
4398
4399
4401
4402
4403
4404
4405
4407
4408
4410
4411
4412
4414
4415
4416
4417
4418
4423
4424
4427
4428
4429
4432
4433
4434
4435
4436
4442
4443
4447
4448
4450
4453
4455
4458
4460
4461
4462
4464
4465
4466
4467
4468
4469
4472
4473
4474
4476
4477
4478
4479
4482
4484
4485
4486
4488
4489
4490
4491
4492
4493
4494
4495
4496
4503
4504
4508
4509
4510
4511
4513
4517
4518
4519
4521
4522
4523
4524
4525
4526
4532
4533
4534
4537
4538
4539
4540
4541
4543
4544
4545
4546
4547
4548
4549
4550
4551
4553
4554
4555
4556
4557
4558
4560
4561
4562
4563
4566
4570
4571
4572
4573
4574
4575
4577
4578
4580
4581
4582
4584
4588
4591
4592
4593
4596
4597
4598
4599
4600
4601
4602
4604
4605
4607
4608
4609
4610
4611
4613
4615
4616
4618
4619
4621
4623
4624
4627
4629
4630
4631
4633
4635
4636
4638
4640
4641
4643
4644
4647
4648
4651
4652
4653
4655
4656
4661
4663
4664
4666
4667
4669
4671
4673
4674
4676
4678
4679
4682
4683
4684
4686
4688
4689
4690
4691
4692
4694
4697
4698
4699
4700
4701
4703
4704
4705
4706
4707
4710
4711
4712
4713
4716
4719
4720
4724
4726
4727
4729
4730
4731
4732
4736
4737
4738
4739
4740
4742
4743
4745
4746
4747
4748
4749
4750
4751
4757
4758
4761
4762
4763
4765
4766
4767
4768
4769
4770
4771
4772
4774
4775
4776
4777
4779
4784
4786
4789
4792
4793
4794
4796
4797
4798
4799
4800
4804
4805
4806
4807
4812
4814
4815
4816
4817
4819
4820
4821
4822
4824
4825
4828
4829
4830
4831
4832
4833
4834
4836
4838
4841
4842
4844
4849
4850
4856
4857
4858
4859
4860
4862
4864
4865
4866
4867
4868
4869
4872
4874
4875
4876
4877
4878
4879
4881
4882
4884
4885
4886
4888
4889
4891
4892
4895
4897
4900
4902
4910
4911
4913
4914
4916
4920
4924
4925
4926
4927
4928
4929
4930
4931
4932
4933
4936
4938
4943
4944
4946
4947
4948
4949
4950
4952
4953
4954
4956
4957
4958
4965
4966
4971
4974
4975
4976
4979
4980
4981
4982
4983
4984
4988
4991
4992
4996
4997
4998
4999
5000
5001
5002
5003
5004
5007
5008
5010
5011
5012
5013
5014
5016
5017
5018
5019
5023
5024
5025
5026
5027
5030
5031
5032
5033
5037
5041
5043
5045
5046
5047
5048
5049
5051
5054
5056
5057
5059
5061
5062
5063
5066
5067
5069
5073
5077
5079
5080
5083
5085
5086
5087
5088
5089
5093
5094
5095
5098
5102
5103
5104
5106
5107
5108
5109
5111
5112
5113
5114
5115
5116
5117
5122
5123
5125
5127
5129
5130
5132
5134
5137
5141
5143
5145
5146
5147
5148
5149
5151
5153
5156
5157
5158
5159
5161
5162
5163
5164
5165
5168
5169
5172
5173
5174
5175
5178
5179
5180
5182
5185
5186
5187
5188
5189
5190
5191
5192
5194
5196
5197
5200
5201
5202
5203
5204
5208
5210
5216
5217
5219
5220
5221
5222
5224
5225
5230
5231
5232
5233
5237
5238
5239
5241
5243
5244
5249
5250
5251
5252
5256
5257
5260
5261
5262
5263
5264
5270
5271
5272
5273
5274
5275
5276
5278
5279
5282
5283
5286
5293
5295
5296
5297
5298
5299
5300
5303
5304
5311
5312
5314
5315
5316
5317
5320
5321
5323
5324
5325
5327
5328
5330
5332
5333
5337
5339
5340
5341
5345
5346
5347
5348
5352
5353
5354
5355
5356
5357
5358
5359
5360
5363
5366
5370
5371
5373
5379
5380
5381
5382
5386
5388
5389
5390
5391
5392
5394
5397
5399
5402
5403
5404
5405
5413
5414
5415
5416
5417
5421
5424
5425
5427
5428
5429
5431
5433
5434
5435
5436
5437
5438
5440
5442
5443
5444
5445
5447
5449
5450
5452
5453
5454
5456
5459
5462
5463
5466
5467
5471
5472
5473
5474
5476
5477
5478
5481
5482
5487
5489
5490
5491
5492
5493
5494
5495
5496
5497
5498
5501
5504
5505
5506
5507
5509
5512
5514
5515
5516
5517
5518
5519
5521
5522
5523
5526
5529
5530
5531
5532
5534
5536
5537
5538
5539
5540
5542
5547
5549
5550
5551
5552
5555
5556
5557
5558
5560
5561
5563
5566
5568
5575
5576
5578
5579
5582
5583
5584
5585
5589
5590
5595
5596
5598
5600
5601
5603
5605
5606
5607
5608
5609
5611
5612
5613
5617
5618
5620
5621
5622
5624
5625
5626
5628
5629
5631
5632
5634
5635
5636
5637
5639
5640
5642
5645
5646
5647
5648
5649
5651
5652
5657
5659
5661
5662
5663
5664
5666
5668
5669
5670
5671
5672
5674
5675
5677
5678
5679
5680
5681
5683
5688
5689
5690
5691
5692
5694
5696
5697
5698
5699
5702
5703
5704
5706
5708
5710
5712
5713
5716
5717
5718
5719
5724
5725
5726
5727
5729
5730
5731
5734
5735
5738
5740
5743
5746
5749
5752
5753
5754
5757
5759
5760
5762
5764
5765
5768
5770
5771
5772
5773
5774
5775
5778
5779
5780
5783
5785
5788
5790
5791
5792
5793
5794
5796
5798
5799
5800
5801
5804
5805
5806
5808
5809
5810
5812
5813
5815
5816
5818
5819
5820
5821
5822
5823
5824
5826
5827
5828
5829
5830
5833
5834
5835
5837
5838
5839
5840
5844
5845
5846
5847
5848
5850
5851
5852
5853
5855
5857
5858
5861
5862
5863
5865
5866
5867
5868
5870
5872
5876
5877
5879
5882
5883
5887
5888
5889
5890
5892
5893
5894
5897
5898
5899
5903
5907
5912
5913
5914
5915
5917
5919
5920
5921
5922
5923
5925
5927
5928
5930
5935
5938
5939
5941
5942
5944
5945
5946
5948
5950
5951
5952
5954
5955
5956
5957
5959
5960
5962
5963
5965
5967
5969
5972
5973
5974
5975
5977
5980
5982
5983
5984
5987
5988
5990
5991
5992
5995
5999
6000
6001
6004
6006
6007
6010
6013
6014
6015
6018
6019
6020
6021
6022
6023
6024
6025
6027
6028
6030
6031
6032
6034
6035
6036
6037
6038
6039
6041
6042
6044
6045
6046
6049
6050
6053
6054
6057
6058
6059
6060
6062
6063
6065
6066
6067
6071
6073
6074
6075
6076
6078
6081
6083
6084
6085
6087
6088
6089
6090
6091
6094
6095
6096
6097
6098
6102
6103
6104
6105
6107
6108
6109
6110
6113
6115
6117
6118
6119
6120
6124
6129
6135
6137
6138
6139
6141
6142
6143
6144
6146
6148
6151
6152
6154
6155
6156
6157
6158
6160
6161
6163
6166
6167
6168
6170
6171
6172
6174
6177
6178
6179
6180
6184
6186
6187
6189
6192
6193
6194
6196
6198
6199
6200
6202
6205
6206
6208
6209
6211
6212
6213
6216
6217
6219
6221
6223
6224
6226
6227
6229
6232
6236
6237
6238
6240
6241
6244
6246
6249
6250
6251
6254
6255
6256
6257
6259
6260
6261
6263
6265
6266
6267
6269
6270
6272
6273
6276
6277
6278
6279
6281
6283
6285
6287
6288
6290
6291
6292
6293
6295
6298
6301
6302
6305
6306
6307
6308
6311
6313
6315
6316
6318
6319
6321
6322
6323
6325
6326
6329
6330
6332
6333
6334
6335
6336
6338
6342
6343
6345
6346
6348
6349
6350
6352
6353
6354
6355
6356
6357
6361
6362
6363
6365
6366
6367
6369
6371
6372
6374
6376
6378
6379
6385
6387
6388
6389
6390
6392
6394
6397
6398
6399
6400
6404
6405
6410
6411
6412
6413
6417
6418
6420
6425
6427
6428
6433
6435
6437
6438
6439
6441
6442
6445
6447
6449
6453
6455
6458
6459
6460
6463
6469
6470
6471
6472
6475
6476
6477
6479
6482
6483
6486
6490
6491
6492
6493
6494
6498
6500
6501
6504
6505
6506
6507
6508
6509
6510
6511
6512
6516
6517
6518
6519
6521
6522
6523
6524
6526
6527
6528
6529
6530
6533
6535
6537
6538
6539
6541
6542
6545
6546
6547
6552
6557
6558
6563
6564
6567
6568
6569
6570
6571
6572
6574
6575
6576
6577
6578
6579
6580
6582
6583
6584
6585
6586
6588
6589
6590
6592
6593
6595
6597
6598
6599
6600
6601
6602
6604
6609
6611
6612
6613
6614
6615
6616
6621
6624
6625
6626
6628
6629
6632
6633
6634
6635
6637
6641
6642
6643
6644
6645
6646
6648
6649
6650
6651
6654
6655
6656
6657
6658
6661
6662
6664
6665
6667
6670
6671
6672
6673
6674
6677
6678
6679
6680
6682
6684
6686
6687
6688
6690
6692
6694
6695
6696
6699
6700
6701
6702
6704
6705
6707
6709
6712
6713
6718
6719
6723
6724
6725
6726
6729
6731
6734
6736
6737
6738
6739
6741
6742
6743
6744
6747
6748
6750
6751
6752
6753
6756
6758
6759
6760
6761
6763
6765
6766
6767
6768
6770
6771
6772
6773
6774
6775
6776
6777
6778
6779
6781
6783
6786
6788
6790
6791
6793
6794
6796
6798
6802
6805
6806
6807
6808
6809
6810
6812
6813
6814
6815
6817
6818
6820
6821
6822
6824
6825
6826
6827
6828
6829
6831
6833
6834
6840
6841
6842
6843
6844
6847
6848
6851
6852
6854
6855
6856
6857
6860
6861
6863
6864
6868
6869
6872
6873
6874
6875
6876
6877
6878
6879
6880
6882
6884
6885
6886
6887
6893
6894
6896
6899
6901
6905
6906
6907
6908
6909
6912
6914
6917
6918
6919
6920
6921
6922
6924
6926
6927
6928
6929
6932
6933
6934
6935
6937
6939
6942
6943
6944
6945
6946
6947
6948
6949
6950
6952
6955
6956
6957
6958
6966
6969
6971
6972
6977
6979
6980
6982
6984
6985
6986
6988
6989
6990
6993
6994
6997
7001
7002
7003
7004
7006
7007
7009
7010
7011
7012
7013
7015
7017
7018
7019
7020
7023
7024
7025
7027
7028
7030
7031
7032
7033
7034
7035
7036
7038
7039
7040
7041
7042
7043
7044
7047
7048
7050
7051
7053
7054
7059
7062
7067
7068
7070
7071
7072
7073
7075
7076
7077
7078
7079
7081
7082
7083
7084
7085
7086
7088
7091
7092
7093
7098
7099
7102
7103
7104
7105
7108
7111
7112
7113
7114
7116
7117
7118
7119
7120
7121
7123
7126
7127
7128
7130
7131
7133
7134
7137
7139
7140
7142
7144
7145
7146
7147
7149
7153
7156
7157
7158
7161
7166
7167
7174
7175
7177
7179
7181
7182
7183
7185
7187
7189
7191
7192
7194
7195
7196
7197
7198
7199
7200
7201
7202
7209
7210
7211
7213
7214
7217
7218
7219
7220
7221
7222
7224
7225
7226
7228
7231
7232
7233
7234
7235
7237
7239
7242
7243
7244
7246
7247
7248
7250
7251
7252
7255
7259
7261
7262
7263
7264
7265
7268
7271
7273
7274
7276
7278
7281
7282
7284
7287
7289
7291
7292
7293
7295
7298
7299
7300
7301
7302
7305
7309
7310
7311
7312
7313
7314
7315
7316
7317
7320
7321
7322
7323
7324
7326
7327
7329
7331
7332
7333
7336
7337
7338
7339
7340
7342
7345
7347
7348
7350
7351
7352
7354
7355
7356
7358
7359
7360
7361
7362
7363
7364
7365
7366
7367
7370
7373
7374
7376
7377
7379
7380
7381
7382
7383
7385
7386
7390
7392
7395
7396
7401
7402
7404
7405
7407
7408
7409
7412
7415
7416
7417
7420
7421
7423
7424
7425
7426
7428
7429
7431
7432
7436
7437
7439
7440
7441
7445
7447
7448
7450
7451
7454
7456
7457
7458
7459
7461
7463
7464
7468
7469
7470
7471
7472
7473
7475
7482
7486
7487
7489
7493
7495
7497
7499
7501
7502
7503
7504
7505
7507
7510
7513
7514
7515
7516
7517
7522
7524
7526
7527
7528
7529
7531
7532
7534
7535
7538
7539
7541
7542
7543
7545
7548
7550
7552
7553
7555
7556
7558
7560
7563
7565
7566
7569
7570
7572
7573
7574
7576
7577
7578
7580
7581
7583
7585
7587
7588
7589
7590
7591
7592
7594
7595
7596
7597
7598
7599
7600
