1
3
4
5
6
13
14
15
16
17
18
19
21
23
24
25
27
28
29
30
32
34
35
36
37
38
41
45
46
47
48
50
51
53
54
58
59
61
62
63
65
66
68
69
71
72
73
74
76
80
81
83
84
86
87
93
94
95
99
100
102
104
106
111
115
116
118
121
125
129
131
133
136
138
139
140
143
145
146
152
154
157
161
163
164
165
169
170
171
173
175
177
179
180
182
183
185
187
189
190
193
194
195
196
197
202
205
206
208
209
212
213
214
216
217
219
220
221
224
225
226
227
228
229
231
234
238
239
242
243
248
250
251
252
253
254
256
260
262
263
266
271
273
274
275
276
277
278
279
280
281
282
283
285
286
287
288
289
290
291
292
293
294
296
297
298
299
304
306
307
309
312
314
316
317
319
321
322
325
328
330
331
332
334
335
338
340
342
344
346
347
348
349
350
353
354
355
357
358
359
360
362
363
364
365
369
372
373
374
375
376
377
378
381
382
385
386
387
388
392
395
396
397
399
401
405
407
409
412
413
414
415
416
417
418
419
421
422
423
426
427
428
432
433
434
436
437
439
440
441
442
443
444
447
450
452
453
454
456
457
463
464
465
466
469
471
474
475
478
479
481
483
484
487
488
489
491
492
494
496
497
498
499
501
504
505
506
507
508
509
510
512
513
516
519
523
526
527
528
529
530
533
534
535
536
539
541
542
544
546
547
549
550
551
552
553
554
555
557
558
561
562
563
564
565
566
569
570
571
573
574
578
579
581
584
585
586
587
589
590
592
593
597
598
601
602
605
606
609
611
612
613
614
615
616
618
619
621
622
623
624
626
629
633
636
637
638
639
641
643
645
646
649
651
652
656
657
658
659
660
661
663
667
668
670
671
672
673
674
676
677
678
679
680
681
682
685
686
687
688
690
691
697
701
703
705
706
708
710
715
716
718
719
720
721
722
723
725
726
727
728
729
730
731
732
733
734
735
738
740
742
743
744
745
746
747
748
751
753
754
755
757
759
760
761
762
763
766
768
769
773
776
778
780
781
782
783
784
788
789
790
791
792
793
795
796
800
802
804
805
807
808
809
812
813
814
815
818
819
821
822
823
824
826
828
829
830
831
832
833
835
836
840
841
842
843
844
845
846
849
850
852
856
857
860
862
863
866
867
868
870
872
873
874
877
879
881
883
886
888
889
892
894
895
897
898
899
901
902
910
912
913
914
915
920
923
924
925
926
927
929
930
932
933
934
936
942
943
944
945
947
948
950
951
952
954
956
957
958
959
960
961
963
964
965
966
967
968
969
972
973
974
975
976
978
979
980
981
982
983
984
985
986
987
989
990
991
993
994
1001
1002
1004
1006
1007
1008
1009
1010
1011
1018
1021
1022
1024
1025
1027
1030
1031
1032
1034
1035
1038
1041
1044
1046
1047
1049
1051
1053
1055
1056
1057
1059
1060
1064
1065
1066
1067
1068
1069
1071
1074
1078
1080
1082
1083
1084
1086
1088
1089
1090
1091
1094
1096
1097
1098
1099
1100
1102
1103
1106
1107
1108
1110
1111
1112
1114
1115
1120
1121
1122
1123
1125
1126
1127
1128
1129
1130
1132
1133
1139
1140
1143
1144
1146
1148
1149
1150
1152
1153
1154
1155
1156
1158
1160
1161
1162
1163
1164
1165
1169
1170
1171
1174
1175
1176
1177
1179
1180
1183
1186
1187
1188
1189
1191
1193
1194
1196
1199
1200
1202
1203
1204
1206
1207
1208
1210
1213
1215
1220
1222
1224
1225
1226
1227
1228
1229
1230
1232
1233
1234
1236
1238
1239
1241
1242
1249
1251
1253
1254
1255
1256
1260
1261
1262
1266
1267
1269
1271
1274
1275
1277
1278
1279
1280
1281
1284
1286
1288
1290
1291
1292
1293
1295
1296
1297
1298
1299
1300
1301
1302
1303
1304
1306
1307
1310
1311
1312
1314
1320
1321
1322
1325
1327
1328
1329
1331
1332
1333
1335
1336
1337
1339
1342
1343
1346
1347
1348
1349
1350
1351
1352
1355
1356
1358
1361
1362
1365
1368
1371
1372
1373
1374
1376
1378
1379
1380
1383
1384
1385
1386
1388
1389
1390
1391
1393
1395
1396
1397
1398
1399
1401
1403
1404
1406
1408
1410
1411
1413
1414
1416
1417
1420
1422
1424
1425
1430
1431
1432
1433
1434
1437
1439
1441
1442
1443
1444
1445
1446
1449
1450
1451
1452
1453
1454
1455
1458
1461
1462
1466
1467
1469
1471
1472
1473
1474
1475
1476
1478
1480
1482
1483
1484
1485
1487
1489
1490
1491
1492
1493
1495
1498
1500
1501
1503
1508
1509
1515
1516
1521
1522
1524
1525
1526
1531
1532
1533
1535
1536
1538
1539
1540
1541
1544
1545
1546
1548
1552
1556
1557
1558
1559
1560
1561
1562
1563
1566
1568
1570
1573
1574
1576
1580
1586
1588
1589
1590
1592
1593
1595
1596
1598
1599
1600
1601
1602
1603
1606
1607
1608
1609
1610
1611
1612
1613
1614
1616
1618
1619
1620
1622
1625
1626
1627
1628
1631
1632
1633
1635
1637
1638
1639
1641
1642
1643
1644
1646
1647
1650
1652
1653
1654
1657
1661
1662
1665
1666
1667
1669
1670
1671
1672
1673
1676
1677
1682
1683
1685
1686
1687
1688
1689
1691
1692
1694
1695
1697
1698
1700
1701
1702
1705
1707
1708
1711
1712
1713
1714
1716
1718
1719
1720
1721
1723
1724
1725
1726
1727
1728
1729
1730
1732
1734
1735
1736
1738
1740
1741
1743
1744
1745
1746
1747
1748
1749
1750
1754
1755
1757
1759
1762
1764
1765
1766
1768
1769
1771
1773
1775
1780
1781
1787
1788
1789
1790
1793
1796
1800
1801
1802
1804
1805
1806
1808
1809
1810
1812
1813
1814
1817
1818
1819
1820
1822
1824
1826
1827
1829
1831
1832
1833
1835
1837
1839
1841
1843
1844
1846
1847
1849
1850
1851
1852
1853
1854
1855
1858
1860
1861
1862
1863
1866
1868
1869
1870
1872
1876
1879
1882
1883
1885
1886
1887
1888
1891
1892
1895
1896
1897
1898
1899
1901
1904
1905
1906
1908
1909
1911
1912
1913
1914
1915
1916
1917
1918
1919
1920
1921
1923
1926
1932
1935
1939
1941
1942
1943
1945
1946
1947
1950
1951
1952
1953
1956
1959
1961
1963
1965
1966
1967
1969
1970
1971
1975
1976
1979
1983
1986
1987
1992
1993
1995
1997
2006
2008
2009
2010
2011
2012
2013
2014
2015
2016
2017
2019
2021
2024
2027
2028
2032
2033
2034
2035
2036
2039
2040
2041
2042
2043
2044
2045
2048
2050
2051
2052
2053
2056
2058
2059
2061
2063
2065
2066
2067
2069
2070
2072
2073
2074
2075
2077
2078
2082
2083
2084
2087
2088
2089
2091
2094
2095
2096
2097
2101
2102
2105
2110
2113
2114
2116
2118
2119
2120
2121
2125
2129
2130
2131
2132
2134
2135
2136
2137
2138
2139
2140
2142
2146
2147
2149
2150
2155
2157
2158
2160
2162
2163
2164
2165
2166
2167
2171
2174
2175
2177
2178
2179
2180
2181
2182
2183
2186
2188
2189
2191
2192
2196
2197
2199
2200
2201
2202
2203
2204
2205
2207
2208
2209
2210
2212
2213
2214
2215
2217
2219
2220
2225
2227
2228
2231
2232
2233
2235
2236
2237
2238
2240
2241
2243
2246
2247
2248
2249
2250
2251
2252
2253
2255
2257
2258
2259
2261
2262
2263
2264
2265
2266
2267
2268
2273
2274
2276
2279
2281
2282
2283
2286
2287
2288
2290
2291
2292
2294
2295
2297
2300
2304
2306
2307
2308
2309
2310
2311
2312
2313
2315
2317
2318
2320
2322
2323
2326
2329
2334
2336
2338
2339
2340
2341
2342
2345
2346
2347
2349
2350
2352
2356
2358
2360
2361
2362
2363
2364
2365
2366
2367
2368
2370
2374
2375
2380
2381
2384
2386
2387
2388
2391
2392
2393
2395
2397
2398
2399
2403
2405
2407
2408
2412
2413
2414
2415
2416
2417
2419
2420
2422
2424
2429
2430
2431
2432
2434
2435
2438
2439
2440
2443
2444
2445
2446
2447
2450
2452
2453
2454
2455
2459
2460
2463
2464
2465
2466
2467
2468
2469
2471
2472
2474
2477
2479
2480
2481
2482
2484
2488
2489
2490
2492
2495
2496
2497
2498
2499
2500
2502
2503
2504
2505
2508
2509
2511
2512
2514
2515
2516
2518
2520
2523
2525
2526
2527
2530
2535
2536
2538
2541
2542
2544
2545
2550
2551
2554
2555
2557
2560
2562
2564
2566
2567
2568
2569
2570
2572
2575
2577
2580
2581
2584
2585
2587
2588
2590
2592
2593
2595
2599
2601
2603
2604
2608
2609
2610
2611
2614
2616
2620
2622
2624
2625
2626
2627
2628
2630
2632
2633
2634
2635
2637
2640
2641
2644
2645
2646
2648
2649
2651
2652
2655
2656
2657
2659
2660
2661
2662
2663
2664
2665
2666
2667
2668
2669
2673
2677
2684
2685
2686
2689
2690
2691
2692
2694
2698
2699
2700
2701
2702
2703
2704
2705
2706
2707
2709
2710
2711
2713
2716
2717
2719
2720
2722
2724
2726
2728
2729
2731
2732
2734
2735
2736
2737
2738
2740
2741
2742
2745
2749
2752
2755
2757
2758
2759
2760
2761
2763
2764
2765
2766
2767
2768
2769
2771
2772
2773
2774
2775
2776
2777
2779
2781
2782
2783
2787
2788
2790
2791
2792
2793
2794
2795
2796
2797
2798
2801
2804
2806
2807
2808
2809
2810
2811
2812
2813
2814
2816
2817
2819
2822
2823
2827
2828
2829
2830
2831
2832
2835
2836
2837
2839
2840
2841
2843
2844
2847
2848
2849
2852
2853
2856
2860
2861
2862
2863
2868
2869
2871
2872
2874
2875
2876
2878
2879
2881
2883
2884
2885
2886
2887
2888
2890
2891
2892
2893
2894
2895
2897
2898
2899
2901
2902
2903
2904
2905
2907
2908
2909
2914
2915
2919
2920
2923
2925
2926
2927
2931
2934
2935
2937
2938
2940
2943
2945
2946
2947
2949
2950
2951
2953
2954
2956
2957
2958
2959
2960
2961
2962
2965
2969
2972
2973
2974
2976
2977
2978
2979
2980
2986
2987
2991
2992
2993
2994
2995
2996
2997
3003
3004
3006
3011
3012
3014
3015
3016
3018
3021
3022
3023
3025
3026
3029
3031
3032
3033
3036
3037
3041
3043
3044
3045
3047
3048
3050
3051
3052
3053
3054
3056
3057
3059
3060
3062
3063
3065
3067
3070
3071
3073
3074
3075
3076
3078
3080
3081
3083
3084
3086
3087
3088
3090
3091
3094
3095
3097
3099
3100
3101
3103
3106
3107
3110
3111
3112
3114
3122
3126
3127
3129
3131
3132
3133
3134
3135
3137
3138
3139
3142
3143
3144
3145
3147
3148
3149
3151
3153
3154
3155
3156
3157
3158
3159
3160
3161
3162
3163
3164
3165
3168
3169
3173
3174
3177
3179
3180
3181
3184
3185
3187
3189
3191
3194
3195
3197
3198
3199
3201
3202
3203
3204
3205
3207
3208
3209
3210
3211
3212
3213
3214
3219
3220
3221
3222
3223
3224
3225
3226
3227
3228
3229
3230
3238
3239
3243
3245
3246
3247
3248
3249
3250
3252
3253
3254
3255
3256
3257
3258
3260
3261
3262
3263
3264
3265
3269
3270
3271
3272
3273
3274
3275
3279
3280
3281
3282
3284
3289
3290
3291
3292
3294
3295
3296
3298
3299
3302
3305
3306
3308
3309
3310
3314
3315
3316
3319
3320
3321
3322
3325
3326
3328
3329
3330
3331
3332
3333
3337
3338
3339
3344
3349
3352
3354
3356
3360
3361
3363
3364
3365
3366
3367
3373
3375
3376
3379
3381
3382
3383
3384
3387
3389
3390
3393
3397
3398
3399
3400
3401
3402
3403
3404
3408
3409
3410
3414
3416
3417
3418
3419
3421
3422
3423
3424
3425
3426
3428
3429
3430
3431
3433
3434
3435
3436
3437
3438
3439
3442
3443
3444
3445
3446
3447
3449
3450
3453
3454
3457
3458
3461
3463
3467
3469
3471
3472
3474
3476
3477
3478
3480
3481
3482
3483
3484
3485
3487
3488
3489
3490
3492
3493
3494
3496
3497
3499
3501
3502
3504
3508
3509
3510
3512
3513
3516
3517
3521
3522
3523
3525
3527
3530
3531
3537
3540
3541
3542
3544
3545
3547
3548
3549
3550
3553
3555
3556
3558
3559
3560
3561
3565
3567
3568
3569
3574
3577
3579
3580
3582
3583
3586
3587
3588
3589
3590
3595
3598
3599
3601
3603
3604
3608
3609
3610
3611
3612
3613
3614
3615
3616
3617
3619
3620
3621
3622
3624
3629
3632
3633
3634
3635
3638
3641
3642
3643
3644
3646
3647
3649
3651
3652
3653
3655
3656
3660
3661
3662
3664
3666
3668
3671
3672
3674
3675
3676
3678
3682
3683
3690
3691
3694
3696
3697
3698
3699
3703
3704
3707
3708
3710
3712
3714
3716
3717
3718
3721
3722
3723
3724
3726
3727
3728
3730
3732
3733
3734
3735
3739
3741
3742
3744
3745
3746
3747
3748
3751
3752
3753
3758
3760
3761
3762
3764
3766
3767
3768
3769
3770
3771
3773
3774
3775
3779
3781
3786
3788
3789
3790
3791
3794
3795
3796
3797
3798
3800
3802
3804
3805
3806
3807
3808
3810
3812
3814
3815
3816
3818
3819
3820
3824
3825
3826
3827
3828
3829
3830
3831
3832
3834
3835
3836
3837
3840
3841
3843
3845
3846
3848
3849
3850
3852
3856
3862
3863
3864
3865
3868
3869
3870
3871
3872
3874
3877
3879
3880
3882
3883
3885
3886
3889
3890
3891
3892
3893
3894
3895
3896
3898
3899
3900
3901
3902
3903
3906
3909
3910
3912
3913
3915
3916
3918
3919
3920
3921
3923
3924
3925
3928
3930
3931
3932
3934
3935
3936
3937
3938
3939
3940
3941
3943
3944
3946
3948
3949
3951
3952
3953
3954
3955
3957
3958
3959
3960
3961
3962
3963
3964
3965
3966
3969
3970
3971
3972
3973
3974
3976
3978
3979
3980
3981
3982
3984
3985
3987
3988
3991
3992
3993
3994
3996
3998
3999
4002
4004
4005
4007
4008
4009
4012
4015
4018
4019
4020
4023
4026
4028
4029
4030
4032
4034
4035
4037
4042
4043
4044
4045
4046
4047
4048
4049
4050
4051
4052
4054
4058
4060
4061
4063
4064
4065
4067
4069
4070
4072
4074
4075
4078
4082
4084
4085
4086
4087
4089
4090
4091
4093
4094
4095
4096
4097
4098
4100
4103
4104
4106
4107
4108
4110
4111
4113
4114
4115
4118
4119
4120
4121
4122
4123
4124
4129
4131
4133
4134
4135
4136
4139
4140
4142
4143
4144
4145
4146
4147
4148
4150
4151
4152
4153
4154
4155
4157
4158
4159
4160
4163
4165
4166
4167
4169
4171
4172
4175
4176
4177
4181
4182
4184
4186
4187
4188
4189
4190
4195
4196
4197
4198
4200
4201
4202
4203
4205
4206
4209
4210
4211
4212
4216
4219
4221
4222
4227
4228
4230
4231
4232
4234
4235
4236
4237
4238
4239
4240
4241
4242
4243
4245
4246
4247
4248
4249
4252
4254
4255
4256
4257
4261
4262
4264
4265
4269
4271
4272
4277
4278
4279
4282
4283
4286
4289
4294
4295
4297
4304
4306
4310
4312
4315
4316
4317
4318
4319
4320
4321
4322
4324
4326
4328
4329
4330
4331
4332
4334
4335
4338
4339
4340
4342
4344
4349
4353
4357
4358
4359
4360
4363
4365
4366
4367
4368
4371
4373
4374
4375
4376
4377
4378
4379
4380
4381
4385
4387
4388
4389
4390
4393
4394
4395
4396
4398
4399
4402
4403
4404
4411
4412
4413
4414
4415
4417
4421
4422
4426
4427
4428
4430
4431
4432
4434
4436
4437
4440
4441
4445
4446
4449
4453
4454
4458
4460
4463
4464
4465
4466
4467
4468
4469
4470
4471
4472
4473
4476
4477
4478
4480
4481
4482
4483
4486
4487
4489
4490
4492
4494
4495
4496
4498
4500
4502
4510
4512
4513
4514
4516
4517
4518
4519
4521
4523
4524
4525
4528
4531
4533
4535
4536
4537
4538
4539
4540
4541
4542
4543
4545
4546
4547
4548
4549
4550
4551
4552
4554
4555
4556
4559
4560
4562
4563
4564
4569
4570
4571
4574
4577
4578
4580
4582
4584
4585
4586
4587
4588
4590
4592
4594
4596
4597
4599
4600
4601
4602
4603
4605
4606
4607
4610
4611
4613
4614
4616
4620
4621
4623
4626
4627
4630
4631
4634
4635
4637
4638
4639
4643
4644
4645
4648
4650
4651
4655
4657
4660
4661
4662
4664
4666
4668
4674
4675
4676
4678
4679
4682
4683
4687
4690
4692
4694
4695
4696
4700
4701
4704
4706
4707
4708
4709
4710
4711
4712
4713
4714
4717
4718
4719
4720
4721
4723
4724
4726
4728
4729
4730
4731
4733
4734
4735
4736
4738
4739
4743
4744
4746
4747
4749
4751
4753
4755
4758
4761
4763
4765
4767
4768
4771
4773
4775
4776
4777
4778
4779
4780
4781
4782
4786
4791
4792
4793
4794
4795
4799
4800
4801
4802
4808
4809
4810
4811
4812
4813
4816
4817
4819
4820
4823
4824
4825
4826
4829
4830
4831
4833
4835
4836
4837
4838
4839
4841
4843
4849
4850
4851
4853
4855
4856
4857
4858
4859
4860
4861
4862
4865
4866
4868
4871
4873
4875
4876
4879
4881
4885
4886
4887
4888
4889
4890
4893
4896
4900
4901
4902
4903
4904
4905
4909
4910
4912
4913
4914
4916
4917
4918
4919
4921
4922
4923
4924
4925
4928
4929
4930
4932
4933
4934
4935
4938
4939
4940
4942
4944
4947
4948
4951
4952
4953
4954
4956
4957
4959
4961
4964
4965
4967
4968
4969
4972
4976
4977
4984
4986
4987
4988
4989
4990
4991
4992
4993
4994
4996
4998
5001
5002
5005
5006
5007
5009
5010
5011
5012
5014
5015
5016
5017
5018
5019
5020
5022
5024
5025
5027
5028
5031
5033
5035
5038
5041
5042
5045
5046
5047
5048
5054
5055
5056
5058
5062
5069
5071
5072
5074
5075
5082
5084
5085
5086
5087
5088
5089
5091
5092
5096
5097
5098
5099
5100
5101
5102
5103
5104
5105
5106
5107
5108
5110
5111
5114
5117
5118
5119
5120
5121
5122
5123
5125
5128
5129
5130
5131
5132
5133
5136
5137
5139
5140
5141
5142
5143
5145
5146
5149
5150
5154
5156
5158
5159
5160
5161
5162
5163
5164
5165
5166
5167
5168
5170
5171
5172
5173
5174
5176
5178
5179
5180
5181
5182
5184
5185
5186
5187
5191
5192
5194
5195
5196
5197
5198
5199
5200
5201
5204
5206
5207
5208
5210
5211
5212
5213
5217
5218
5219
5220
5222
5223
5224
5225
5227
5231
5232
5233
5234
5236
5237
5238
5242
5243
5244
5250
5251
5252
5253
5254
5255
5256
5257
5258
5259
5261
5262
5265
5266
5267
5268
5269
5270
5271
5272
5274
5275
5278
5279
5281
5282
5283
5286
5289
5290
5291
5292
5293
5294
5295
5296
5297
5301
5302
5303
5304
5305
5306
5307
5309
5313
5315
5317
5319
5321
5322
5324
5325
5327
5328
5329
5330
5331
5332
5333
5334
5335
5336
5341
5342
5343
5348
5349
5353
5354
5355
5357
5358
5359
5362
5363
5364
5366
5368
5369
5374
5375
5376
5377
5379
5381
5383
5386
5389
5393
5394
5396
5397
5398
5399
5400
5403
5404
5407
5408
5409
5413
5415
5420
5423
5426
5428
5429
5430
5431
5435
5436
5438
5439
5448
5449
5450
5451
5452
5453
5454
5455
5456
5457
5458
5459
5465
5467
5468
5470
5472
5474
5477
5479
5485
5486
5487
5489
5491
5493
5495
5497
5498
5502
5503
5504
5507
5508
5511
5513
5514
5516
5518
5522
5524
5525
5526
5528
5530
5531
5533
5534
5535
5536
5537
5538
5539
5541
5545
5546
5547
5548
5549
5550
5552
5553
5557
5558
5564
5565
5566
5569
5572
5573
5578
5580
5581
5582
5583
5584
5586
5588
5589
5590
5592
5593
5594
5595
5596
5598
5600
5601
5602
5603
5604
5605
5606
5607
5608
5610
5611
5615
5618
5619
5620
5621
5622
5623
5624
5625
5626
5627
5628
5629
5631
5632
5633
5634
5635
5637
5639
5641
5642
5643
5644
5646
5647
5649
5650
5652
5653
5654
5655
5656
5657
5658
5659
5660
5661
5662
5665
5667
5669
5670
5671
5672
5674
5676
5677
5678
5679
5682
5683
5684
5688
5691
5692
5693
5694
5695
5696
5697
5699
5700
5702
5703
5704
5706
5707
5711
5712
5714
5718
5719
5721
5722
5723
5724
5726
5727
5728
5730
5732
5736
5738
5739
5741
5742
5743
5744
5745
5749
5750
5751
5754
5755
5756
5757
5758
5760
5762
5763
5764
5766
5770
5771
5773
5777
5778
5780
5781
5782
5786
5788
5790
5791
5792
5794
5795
5796
5797
5798
5800
5802
5803
5804
5805
5806
5807
5808
5809
5810
5814
5817
5819
5821
5822
5824
5825
5827
5828
5830
5832
5833
5835
5836
5838
5840
5841
5843
5845
5847
5848
5851
5855
5856
5858
5859
5861
5863
5864
5869
5873
5876
5877
5881
5885
5887
5888
5889
5890
5891
5893
5895
5897
5898
5899
5900
5901
5902
5904
5906
5907
5909
5912
5913
5915
5916
5918
5919
5920
5923
5924
5925
5928
5929
5931
5932
5935
5937
5940
5943
5945
5946
5949
5950
5951
5952
5953
5955
5956
5958
5959
5960
5961
5962
5964
5965
5971
5972
5974
5975
5976
5977
5978
5979
5980
5981
5983
5985
5986
5987
5989
5992
5995
5998
5999
6000
6003
6004
6006
6007
6008
6009
6010
6011
6012
6015
6016
6018
6022
6023
6025
6026
6027
6031
6033
6035
6036
6039
6040
6041
6042
6044
6045
6049
6051
6052
6054
6056
6059
6060
6062
6065
6066
6067
6069
6070
6071
6073
6074
6076
6077
6078
6079
6080
6082
6083
6084
6085
6086
6087
6089
6090
6091
6093
6094
6095
6096
6099
6103
6104
6105
6106
6107
6109
6110
6111
6112
6114
6115
6117
6120
6122
6123
6127
6132
6134
6138
6140
6141
6143
6146
6147
6148
6149
6150
6151
6152
6154
6155
6157
6159
6160
6161
6162
6163
6167
6168
6170
6171
6172
6173
6175
6176
6179
6180
6181
6182
6183
6187
6188
6195
6196
6197
6199
6200
6201
6202
6205
6206
6208
6211
6212
6215
6217
6219
6220
6221
6223
6224
6225
6226
6228
6230
6231
6232
6235
6236
6237
6238
6239
6240
6241
6244
6246
6251
6254
6256
6258
6261
6262
6264
6265
6266
6267
6268
6269
6270
6271
6275
6276
6278
6279
6281
6283
6284
6287
6288
6289
6291
6292
6294
6295
6297
6298
6304
6305
6306
6307
6308
6310
6311
6316
6317
6318
6324
6326
6327
6328
6333
6334
6335
6338
6340
6343
6344
6345
6347
6348
6349
6354
6355
6356
6357
6360
6362
6363
6365
6366
6369
6370
6371
6372
6373
6375
6376
6377
6378
6379
6380
6381
6383
6384
6387
6391
6392
6393
6394
6395
6396
6398
6400
6402
6403
6404
6406
6407
6408
6412
6413
6414
6416
6422
6423
6424
6425
6426
6427
6428
6430
6431
6436
6437
6438
6439
6441
6443
6446
6447
6448
6450
6452
6455
6456
6457
6459
6460
6461
6463
6464
6465
6466
6467
6468
6469
6470
6472
6473
6474
6476
6478
6479
6484
6486
6487
6489
6490
6492
6494
6495
6496
6497
6498
6499
6501
6502
6504
6505
6506
6507
6509
6510
6511
6513
6514
6515
6516
6517
6518
6520
6521
6522
6523
6524
6525
6526
6528
6529
6530
6531
6534
6535
6536
6538
6539
6540
6541
6542
6546
6548
6554
6555
6558
6559
6560
6562
6565
6567
6568
6569
6572
6574
6576
6579
6581
6582
6584
6587
6589
6590
6591
6592
6593
6594
6596
6598
6599
6600
6601
6604
6605
6606
6608
6609
6610
6613
6614
6617
6618
6623
6626
6627
6628
6629
6630
6631
6632
6633
6635
6636
6638
6639
6640
6641
6642
6643
6646
6648
6652
6653
6655
6656
6657
6661
6663
6664
6665
6667
6668
6670
6671
6672
6673
6674
6675
6676
6677
6679
6680
6682
6684
6685
6686
6688
6689
6690
6691
6692
6693
6695
6696
6699
6701
6702
6708
6709
6713
6714
6716
6718
6723
6724
6725
6726
6727
6728
6729
6732
6734
6735
6736
6738
6739
6740
6741
6742
6743
6745
6746
6748
6749
6751
6752
6754
6755
6756
6759
6760
6761
6763
6764
6765
6770
6773
6774
6775
6776
6777
6781
6782
6783
6784
6790
6791
6792
6793
6794
6795
6796
6797
6801
6802
6803
6804
6805
6806
6807
6809
6810
6811
6814
6816
6817
6819
6821
6822
6823
6825
6828
6829
6830
6831
6832
6834
6835
6836
6838
6839
6840
6841
6842
6843
6846
6847
6849
6850
6851
6852
6857
6858
6860
6861
6862
6863
6864
6866
6868
6869
6872
6875
6876
6878
6880
6882
6883
6890
6893
6894
6895
6897
6898
6901
6902
6903
6905
6906
6907
6908
6910
6911
6912
6913
6914
6916
6920
6922
6925
6926
6927
6928
6930
6931
6932
6933
6934
6936
6937
6938
6940
6942
6945
6949
6950
6952
6953
6954
6955
6960
6961
6962
6970
6972
6973
6974
6975
6977
6978
6980
6981
6983
6985
6986
6988
6991
6992
6993
6994
6999
7003
7004
7005
7007
7009
7010
7011
7012
7013
7014
7015
7016
7018
7019
7020
7021
7023
7024
7028
7029
7030
7031
7032
7033
7036
7037
7038
7040
7041
7042
7046
7048
7051
7052
7053
7054
7055
7056
7060
7062
7063
7064
7066
7068
7070
7072
7073
7075
7076
7079
7081
7082
7084
7085
7086
7088
7090
7091
7092
7093
7094
7096
7098
7099
7101
7106
7108
7109
7111
7112
7113
7114
7116
7120
7121
7122
7123
7124
7125
7128
7129
7130
7131
7132
7133
7134
7136
7139
7141
7142
7144
7149
7152
7153
7154
7156
7157
7159
7160
7163
7164
7165
7167
7169
7171
7173
7174
7176
7177
7180
7181
7183
7184
7185
7189
7192
7193
7194
7196
7197
7198
7199
7200
7201
7202
7203
7204
7205
7211
7213
7214
7215
7216
7217
7218
7219
7220
7222
7225
7226
7227
7229
7231
7234
7237
7238
7240
7241
7242
7243
7245
7246
7247
7249
7250
7252
7253
7257
7258
7260
7266
7267
7268
7269
7270
7271
7272
7273
7275
7276
7277
7278
7279
7281
7282
7284
7288
7289
7290
7291
7292
7293
7294
7296
7301
7302
7303
7304
7305
7306
7307
7308
7310
7311
7312
7313
7314
7316
7317
7318
7319
7320
7322
7323
7325
7326
7328
7329
7330
7332
7333
7334
7335
7339
7344
7347
7349
7352
7353
7355
7358
7360
7361
7362
7363
7366
7367
7368
7372
7376
7378
7379
7381
7384
7387
7388
7390
7392
7393
7394
7396
7397
7398
7399
7400
7401
7402
7403
7404
7406
7407
7410
7411
7412
7415
7416
7417
7418
7419
7424
7425
7426
7427
7428
7430
7431
7432
7433
7434
7435
7436
7437
7438
7440
7441
7444
7446
7448
7449
7451
7452
7454
7455
7456
7459
7462
7463
7467
7468
7470
7471
7472
7473
7474
7475
7479
7482
7483
7484
7485
7486
7489
7491
7494
7495
7497
7499
7500
7501
7502
7504
7506
7507
7508
7509
7510
7511
7512
7514
7515
7516
7519
7522
7523
7524
7525
7526
7527
7530
7531
7535
7538
7539
7540
7541
7542
7543
7545
7546
7549
7551
7553
7555
7557
7561
7565
7566
7568
7569
7571
7572
7573
7574
7575
7576
7577
7578
7579
7580
7581
7583
7584
7587
7589
7590
7591
7592
7593
7594
7595
7596
7598
7599
7600
