3
5
7
10
13
15
17
18
19
20
23
26
27
28
30
34
38
41
42
49
53
55
56
58
60
61
63
64
68
72
73
76
78
79
81
85
86
87
89
91
92
95
96
100
101
102
104
106
108
110
111
113
117
118
119
122
123
124
125
129
130
131
132
133
134
135
137
138
139
142
144
145
146
148
149
152
154
158
159
160
161
162
163
164
165
166
167
168
169
170
171
173
174
175
176
178
179
183
184
187
192
193
194
195
196
200
202
204
205
207
208
209
211
213
215
217
219
220
221
222
223
224
225
226
227
228
230
231
233
234
236
238
239
242
243
244
245
246
247
248
250
255
256
259
260
261
262
265
266
267
272
273
274
275
278
281
283
284
285
286
287
288
291
292
294
298
299
302
304
305
306
307
308
309
311
313
315
316
319
321
322
323
324
325
328
329
331
333
334
335
337
338
339
340
341
342
343
344
347
350
352
353
359
362
363
365
367
369
372
376
378
379
381
383
384
385
390
391
392
396
397
398
399
401
403
404
405
406
407
408
410
411
413
414
417
418
420
425
427
428
429
430
431
432
435
436
437
441
442
443
444
445
446
447
448
449
450
451
452
454
456
458
459
461
462
464
465
466
469
472
473
476
478
479
482
483
484
485
486
487
488
489
490
491
492
493
494
495
498
499
503
504
506
508
509
510
512
513
514
515
516
518
519
521
522
523
524
525
526
527
529
531
533
535
537
540
542
545
548
549
551
554
556
557
559
560
561
562
563
564
565
566
570
571
573
574
576
578
579
582
583
586
587
590
591
592
593
597
601
602
604
605
606
610
613
614
615
617
619
622
623
624
625
626
628
629
631
632
633
634
637
638
639
640
642
645
646
648
650
651
654
656
657
659
660
661
662
663
664
665
668
669
670
671
672
674
675
677
678
679
682
683
685
689
695
696
698
699
702
705
708
709
711
715
717
719
720
724
727
728
729
730
731
732
733
735
737
738
740
741
742
743
744
745
746
747
748
749
750
751
753
755
756
757
758
759
760
761
762
763
764
766
767
768
769
770
771
772
774
776
778
779
780
781
782
784
785
788
789
790
791
792
793
794
795
796
798
799
802
805
806
807
810
811
813
814
815
816
817
818
819
821
822
826
828
829
830
834
835
836
838
839
840
841
842
843
844
845
849
850
855
856
858
859
861
862
864
866
867
870
871
872
874
875
876
878
880
888
889
890
893
894
897
898
899
900
904
906
907
908
909
910
911
912
913
914
916
918
923
926
929
930
932
933
934
936
937
938
939
940
944
945
946
947
949
951
952
953
956
957
958
960
961
962
965
967
968
970
971
972
973
975
976
977
981
982
985
988
989
990
991
992
993
995
996
997
998
1002
1004
1005
1007
1009
1011
1012
1014
1015
1020
1021
1023
1024
1025
1029
1030
1032
1033
1034
1035
1036
1037
1038
1039
1041
1042
1043
1044
1045
1047
1048
1050
1052
1053
1056
1057
1058
1059
1060
1064
1066
1067
1068
1069
1070
1071
1072
1073
1074
1075
1076
1078
1079
1080
1081
1082
1083
1084
1088
1089
1090
1091
1093
1097
1101
1103
1105
1107
1108
1109
1110
1111
1112
1115
1116
1117
1118
1119
1120
1122
1124
1125
1126
1127
1128
1129
1130
1131
1133
1135
1136
1137
1138
1140
1141
1142
1143
1144
1145
1146
1148
1151
1152
1153
1156
1157
1158
1161
1163
1165
1166
1168
1169
1172
1173
1174
1175
1176
1177
1179
1182
1183
1184
1188
1189
1190
1191
1192
1193
1202
1204
1205
1206
1209
1212
1213
1214
1217
1221
1222
1223
1226
1227
1229
1232
1233
1234
1235
1239
1240
1242
1243
1244
1248
1252
1253
1254
1255
1258
1259
1265
1266
1267
1269
1273
1274
1275
1277
1278
1279
1280
1281
1282
1283
1284
1287
1288
1289
1290
1295
1298
1299
1304
1308
1311
1313
1314
1316
1317
1321
1322
1323
1324
1325
1327
1328
1330
1332
1333
1336
1337
1340
1342
1343
1345
1347
1350
1351
1353
1354
1355
1356
1357
1358
1359
1361
1362
1364
1366
1367
1368
1372
1374
1376
1379
1380
1384
1385
1386
1389
1390
1392
1393
1396
1397
1402
1404
1405
1406
1407
1408
1409
1411
1412
1413
1414
1415
1417
1418
1419
1420
1421
1422
1425
1426
1427
1428
1430
1431
1432
1433
1435
1438
1440
1442
1444
1445
1446
1448
1449
1450
1452
1453
1454
1456
1457
1459
1462
1463
1464
1465
1466
1467
1469
1471
1474
1477
1479
1480
1481
1482
1483
1485
1486
1488
1490
1494
1496
1497
1498
1499
1500
1501
1503
1504
1505
1507
1512
1513
1516
1517
1519
1520
1522
1526
1528
1530
1531
1532
1534
1537
1538
1541
1542
1543
1545
1547
1550
1551
1552
1555
1556
1557
1558
1560
1563
1564
1565
1566
1567
1568
1571
1572
1575
1576
1578
1581
1582
1583
1584
1585
1586
1588
1589
1592
1596
1597
1598
1602
1603
1604
1609
1610
1612
1613
1616
1617
1618
1621
1625
1627
1628
1629
1630
1631
1633
1634
1635
1636
1638
1639
1646
1647
1650
1651
1654
1657
1658
1659
1661
1662
1663
1664
1665
1666
1667
1668
1669
1670
1671
1672
1674
1675
1678
1680
1681
1682
1684
1685
1687
1690
1691
1692
1694
1695
1696
1698
1700
1702
1705
1706
1708
1709
1710
1712
1713
1715
1716
1717
1721
1723
1724
1725
1726
1727
1729
1732
1733
1734
1735
1737
1738
1739
1740
1742
1744
1745
1746
1747
1749
1750
1751
1752
1753
1756
1757
1758
1759
1761
1762
1763
1764
1766
1767
1769
1771
1773
1774
1775
1777
1780
1782
1784
1787
1789
1791
1792
1793
1794
1796
1798
1799
1800
1804
1805
1808
1813
1814
1818
1821
1824
1826
1827
1829
1830
1832
1834
1835
1837
1838
1839
1840
1841
1842
1843
1845
1849
1852
1853
1855
1858
1860
1861
1862
1867
1868
1870
1871
1876
1877
1879
1880
1881
1883
1884
1886
1887
1891
1892
1893
1894
1896
1897
1899
1900
1903
1904
1905
1906
1907
1908
1909
1910
1911
1912
1919
1920
1922
1923
1925
1926
1931
1933
1934
1936
1937
1938
1940
1941
1942
1943
1944
1945
1947
1948
1949
1950
1953
1958
1963
1967
1970
1971
1973
1978
1981
1983
1986
1987
1989
1990
1991
1994
1995
2002
2003
2005
2007
2008
2009
2010
2011
2012
2013
2014
2015
2017
2018
2020
2021
2023
2024
2026
2027
2028
2029
2030
2031
2032
2034
2035
2036
2037
2039
2040
2043
2044
2045
2047
2048
2050
2055
2057
2058
2060
2062
2065
2067
2068
2069
2070
2071
2074
2077
2080
2081
2084
2087
2088
2089
2090
2092
2096
2098
2100
2103
2104
2105
2108
2109
2112
2113
2114
2117
2118
2120
2122
2123
2124
2125
2127
2128
2130
2131
2133
2134
2135
2136
2137
2142
2144
2147
2149
2151
2153
2154
2156
2157
2158
2161
2163
2166
2170
2171
2172
2174
2176
2177
2179
2181
2182
2186
2187
2188
2189
2191
2192
2198
2201
2202
2203
2204
2205
2206
2210
2211
2212
2213
2214
2215
2216
2217
2218
2221
2225
2227
2228
2229
2233
2235
2236
2237
2238
2240
2241
2242
2243
2245
2247
2248
2250
2253
2255
2256
2258
2260
2262
2263
2264
2266
2267
2268
2269
2271
2273
2274
2275
2276
2277
2278
2280
2281
2282
2284
2285
2286
2288
2289
2290
2291
2293
2294
2295
2296
2298
2299
2300
2301
2303
2304
2305
2306
2307
2311
2313
2315
2316
2317
2318
2319
2320
2321
2322
2323
2324
2325
2326
2330
2331
2332
2333
2335
2336
2340
2341
2342
2343
2345
2347
2348
2349
2353
2354
2355
2356
2360
2364
2367
2368
2370
2371
2372
2373
2374
2375
2376
2379
2380
2381
2384
2386
2387
2388
2389
2390
2392
2393
2394
2396
2397
2398
2399
2400
2402
2403
2404
2405
2406
2408
2409
2411
2412
2416
2417
2419
2420
2421
2424
2425
2427
2431
2432
2433
2436
2439
2441
2445
2446
2447
2448
2449
2452
2453
2454
2455
2460
2462
2463
2464
2465
2467
2468
2469
2471
2472
2473
2474
2475
2477
2479
2480
2481
2482
2483
2485
2486
2487
2490
2494
2495
2497
2498
2499
2501
2502
2504
2505
2506
2507
2508
2509
2510
2511
2512
2513
2515
2519
2520
2522
2523
2526
2527
2528
2536
2539
2541
2543
2546
2547
2548
2549
2550
2556
2558
2560
2561
2562
2565
2567
2568
2569
2570
2571
2572
2575
2576
2577
2579
2581
2585
2586
2588
2590
2591
2592
2593
2594
2595
2596
2598
2599
2600
2601
2603
2604
2605
2606
2608
2610
2611
2612
2613
2616
2617
2618
2619
2620
2624
2626
2627
2630
2631
2632
2634
2636
2637
2638
2639
2642
2644
2646
2647
2648
2650
2651
2652
2654
2655
2657
2659
2661
2665
2666
2670
2671
2672
2674
2675
2678
2680
2684
2685
2686
2687
2689
2691
2692
2693
2696
2697
2698
2699
2701
2702
2707
2708
2709
2712
2714
2715
2718
2719
2720
2721
2723
2726
2727
2728
2731
2732
2735
2736
2737
2738
2739
2740
2743
2744
2745
2747
2748
2750
2751
2752
2754
2757
2760
2762
2764
2765
2766
2767
2768
2771
2772
2773
2774
2777
2779
2780
2781
2783
2784
2786
2787
2788
2789
2790
2791
2792
2794
2795
2797
2798
2799
2800
2801
2802
2804
2805
2806
2809
2810
2812
2813
2818
2820
2821
2822
2823
2825
2826
2827
2828
2829
2830
2831
2833
2835
2837
2840
2841
2844
2845
2848
2851
2852
2854
2855
2857
2858
2859
2860
2861
2866
2867
2869
2871
2872
2874
2876
2879
2881
2882
2883
2884
2885
2886
2887
2890
2893
2894
2895
2896
2897
2898
2902
2903
2905
2906
2907
2908
2909
2910
2912
2913
2918
2919
2920
2921
2925
2926
2928
2929
2931
2935
2936
2937
2938
2941
2943
2945
2946
2947
2948
2949
2954
2956
2958
2960
2962
2964
2967
2968
2969
2970
2976
2977
2978
2979
2980
2981
2983
2987
2989
2991
2992
2993
2994
2995
2997
2999
3000
3001
3003
3004
3005
3008
3009
3010
3011
3014
3016
3017
3018
3020
3021
3025
3027
3029
3030
3034
3035
3036
3038
3039
3040
3042
3043
3045
3046
3047
3048
3049
3051
3052
3054
3055
3056
3059
3060
3062
3063
3064
3066
3067
3070
3071
3074
3076
3079
3080
3081
3082
3085
3087
3088
3089
3090
3091
3092
3093
3095
3097
3099
3100
3101
3102
3103
3104
3105
3106
3107
3109
3110
3111
3112
3113
3116
3118
3119
3122
3123
3124
3128
3130
3134
3135
3136
3137
3138
3139
3142
3143
3144
3147
3148
3150
3152
3153
3154
3155
3158
3160
3163
3164
3165
3166
3167
3168
3169
3171
3172
3177
3179
3183
3185
3186
3187
3188
3189
3190
3192
3193
3194
3199
3200
3201
3202
3203
3204
3205
3206
3207
3208
3209
3212
3213
3214
3217
3218
3219
3221
3226
3230
3232
3235
3236
3237
3238
3239
3240
3241
3242
3243
3245
3248
3249
3251
3253
3254
3255
3256
3258
3259
3260
3261
3263
3264
3266
3268
3269
3271
3272
3273
3274
3275
3277
3278
3280
3283
3285
3287
3288
3289
3291
3292
3293
3294
3295
3300
3301
3302
3304
3305
3306
3307
3308
3309
3310
3313
3314
3316
3317
3318
3319
3321
3323
3324
3326
3328
3332
3334
3335
3336
3338
3339
3341
3342
3343
3344
3346
3348
3352
3353
3355
3356
3357
3358
3359
3360
3361
3362
3364
3366
3367
3368
3370
3371
3372
3373
3375
3376
3377
3378
3379
3380
3381
3382
3383
3384
3385
3386
3387
3388
3391
3392
3393
3396
3397
3400
3401
3403
3404
3405
3407
3409
3410
3412
3414
3415
3417
3418
3419
3420
3421
3422
3425
3426
3428
3429
3432
3433
3436
3437
3438
3441
3444
3446
3448
3449
3451
3452
3453
3454
3455
3456
3459
3462
3464
3466
3467
3468
3470
3473
3474
3477
3479
3480
3481
3482
3483
3484
3485
3487
3488
3489
3490
3492
3493
3495
3496
3499
3502
3503
3507
3508
3509
3510
3511
3512
3513
3514
3516
3517
3519
3520
3521
3522
3525
3526
3529
3530
3533
3534
3535
3536
3541
3542
3543
3544
3549
3550
3552
3553
3554
3555
3556
3557
3558
3560
3562
3563
3564
3566
3567
3568
3569
3570
3571
3572
3574
3576
3577
3578
3581
3583
3584
3585
3586
3588
3589
3590
3593
3595
3598
3600
3601
3602
3606
3608
3610
3613
3614
3615
3616
3617
3618
3619
3621
3622
3623
3624
3626
3629
3632
3634
3635
3637
3638
3639
3641
3643
3644
3645
3646
3650
3653
3657
3658
3662
3666
3670
3672
3673
3677
3678
3679
3680
3682
3683
3686
3687
3688
3689
3690
3694
3695
3696
3697
3700
3701
3704
3705
3714
3715
3716
3717
3718
3719
3720
3721
3722
3724
3725
3727
3728
3729
3730
3732
3733
3735
3736
3739
3740
3748
3749
3750
3751
3753
3756
3757
3761
3763
3764
3766
3769
3770
3772
3773
3774
3775
3776
3779
3781
3783
3784
3787
3788
3790
3793
3795
3796
3798
3800
3803
3804
3807
3808
3809
3811
3813
3814
3816
3818
3819
3820
3821
3823
3824
3825
3826
3827
3829
3830
3831
3834
3835
3836
3837
3839
3840
3841
3842
3843
3844
3847
3848
3849
3851
3852
3853
3855
3856
3857
3858
3859
3861
3865
3866
3868
3870
3871
3872
3873
3875
3876
3877
3878
3880
3881
3882
3884
3885
3888
3890
3895
3896
3897
3899
3900
3904
3905
3906
3907
3909
3911
3912
3914
3916
3918
3919
3920
3921
3922
3923
3924
3925
3927
3928
3930
3932
3933
3936
3937
3938
3940
3942
3943
3945
3946
3948
3951
3953
3956
3957
3958
3960
3963
3965
3966
3967
3969
3970
3971
3972
3974
3976
3977
3978
3979
3981
3983
3984
3985
3987
3988
3989
3990
3993
3995
3996
3997
3998
3999
4000
4001
4004
4005
4006
4007
4008
4009
4011
4012
4013
4015
4017
4018
4020
4024
4025
4026
4027
4028
4029
4030
4031
4033
4035
4036
4037
4038
4039
4040
4041
4043
4044
4045
4046
4049
4050
4052
4053
4055
4056
4057
4058
4059
4060
4061
4069
4070
4072
4073
4074
4076
4077
4078
4080
4081
4082
4084
4085
4088
4089
4090
4092
4093
4094
4095
4096
4099
4100
4101
4103
4105
4106
4109
4111
4112
4113
4114
4115
4116
4117
4119
4120
4121
4123
4125
4128
4130
4132
4133
4134
4135
4138
4140
4141
4142
4143
4145
4146
4147
4152
4153
4154
4156
4157
4159
4161
4162
4163
4164
4165
4167
4168
4170
4171
4172
4173
4174
4175
4176
4180
4182
4183
4184
4185
4186
4187
4188
4189
4190
4192
4195
4196
4197
4199
4200
4202
4205
4206
4208
4209
4210
4211
4212
4214
4216
4217
4218
4219
4220
4221
4222
4226
4228
4229
4230
4231
4232
4233
4234
4235
4238
4239
4241
4242
4243
4245
4247
4248
4249
4253
4254
4255
4258
4259
4260
4262
4263
4264
4265
4266
4268
4269
4272
4274
4277
4279
4280
4281
4283
4284
4286
4288
4289
4293
4294
4296
4297
4298
4299
4300
4302
4303
4305
4307
4309
4315
4316
4317
4318
4319
4320
4321
4323
4324
4325
4326
4329
4331
4335
4337
4339
4340
4342
4350
4351
4352
4355
4356
4357
4358
4359
4360
4361
4365
4368
4369
4371
4372
4373
4374
4377
4378
4381
4382
4383
4385
4388
4389
4390
4391
4392
4393
4397
4398
4399
4401
4402
4403
4404
4405
4406
4409
4410
4412
4413
4414
4416
4417
4418
4419
4421
4429
4431
4432
4436
4437
4439
4440
4447
4448
4450
4451
4454
4455
4456
4458
4459
4460
4461
4462
4463
4466
4469
4470
4471
4473
4474
4475
4476
4477
4478
4479
4480
4481
4482
4483
4484
4485
4487
4490
4491
4492
4493
4496
4497
4498
4499
4500
4504
4505
4508
4509
4511
4512
4515
4518
4519
4522
4523
4525
4527
4528
4529
4532
4533
4534
4535
4536
4539
4540
4543
4545
4546
4547
4548
4549
4551
4552
4553
4554
4556
4557
4558
4559
4561
4562
4563
4564
4565
4566
4573
4575
4576
4577
4578
4579
4580
4581
4583
4584
4585
4587
4589
4590
4591
4593
4594
4597
4598
4599
4602
4604
4605
4606
4607
4609
4611
4612
4614
4615
4616
4618
4623
4624
4625
4629
4630
4633
4636
4637
4638
4639
4640
4641
4642
4644
4646
4647
4651
4652
4654
4655
4656
4658
4659
4660
4662
4663
4665
4672
4674
4675
4679
4680
4681
4682
4684
4686
4687
4688
4689
4690
4692
4694
4695
4696
4699
4700
4701
4702
4703
4707
4708
4709
4710
4711
4713
4715
4716
4719
4720
4721
4723
4725
4729
4730
4731
4732
4733
4736
4739
4740
4741
4746
4747
4748
4750
4753
4754
4756
4757
4758
4759
4760
4763
4764
4766
4767
4769
4770
4773
4774
4775
4776
4778
4782
4783
4784
4786
4789
4790
4791
4793
4795
4796
4799
4804
4805
4808
4809
4813
4814
4815
4819
4820
4821
4822
4829
4830
4831
4835
4836
4837
4838
4839
4840
4841
4842
4843
4844
4845
4847
4848
4849
4851
4852
4853
4854
4855
4856
4857
4859
4861
4863
4865
4866
4867
4871
4872
4873
4875
4879
4880
4881
4882
4883
4886
4888
4889
4891
4892
4893
4894
4895
4897
4900
4901
4903
4904
4906
4907
4908
4909
4911
4912
4913
4915
4917
4921
4922
4924
4925
4926
4927
4931
4932
4934
4936
4941
4945
4947
4948
4949
4950
4951
4952
4955
4958
4960
4961
4964
4967
4971
4973
4974
4975
4977
4978
4980
4982
4984
4985
4986
4987
4990
4991
4992
4993
4995
4996
4998
5000
5003
5005
5006
5011
5013
5014
5015
5016
5017
5019
5021
5023
5024
5026
5027
5028
5030
5031
5036
5037
5038
5039
5040
5042
5044
5045
5046
5048
5050
5052
5054
5055
5056
5061
5064
5067
5069
5071
5073
5074
5076
5077
5081
5082
5083
5084
5085
5087
5088
5090
5091
5092
5096
5097
5099
5100
5101
5105
5109
5112
5114
5118
5119
5120
5122
5126
5128
5130
5131
5132
5133
5136
5137
5138
5139
5140
5141
5142
5148
5152
5158
5161
5162
5163
5166
5171
5172
5173
5174
5175
5176
5177
5178
5180
5181
5185
5186
5187
5189
5192
5195
5196
5199
5200
5201
5202
5203
5204
5206
5207
5210
5211
5216
5217
5218
5221
5222
5226
5227
5228
5229
5235
5238
5239
5240
5241
5242
5243
5244
5245
5247
5248
5249
5252
5253
5254
5256
5257
5260
5261
5262
5263
5265
5266
5267
5268
5270
5275
5277
5278
5279
5281
5282
5283
5284
5285
5286
5289
5291
5292
5296
5298
5299
5301
5302
5303
5304
5305
5306
5307
5308
5309
5310
5312
5313
5314
5315
5316
5318
5323
5324
5328
5329
5331
5332
5334
5337
5338
5340
5342
5343
5344
5345
5346
5349
5351
5354
5355
5358
5359
5361
5362
5363
5364
5367
5368
5369
5370
5371
5373
5375
5377
5378
5379
5380
5381
5384
5385
5386
5387
5389
5390
5392
5394
5395
5397
5398
5399
5401
5402
5404
5406
5408
5409
5411
5412
5414
5415
5416
5418
5419
5421
5423
5424
5425
5426
5429
5432
5436
5437
5438
5440
5441
5445
5446
5447
5449
5450
5451
5453
5456
5457
5458
5460
5461
5462
5465
5467
5471
5472
5473
5474
5475
5477
5478
5479
5480
5484
5485
5486
5488
5490
5491
5492
5494
5497
5498
5502
5503
5505
5509
5510
5511
5512
5513
5514
5515
5521
5522
5523
5524
5525
5527
5530
5535
5537
5538
5540
5541
5543
5545
5546
5547
5548
5549
5551
5552
5555
5556
5557
5558
5559
5561
5565
5568
5570
5571
5572
5574
5575
5576
5577
5578
5580
5581
5582
5583
5584
5585
5586
5587
5589
5590
5591
5593
5594
5595
5596
5597
5598
5601
5603
5604
5605
5606
5608
5609
5610
5611
5612
5613
5615
5616
5617
5619
5620
5622
5624
5626
5631
5633
5634
5636
5638
5640
5641
5642
5643
5644
5647
5649
5650
5651
5652
5653
5654
5656
5657
5659
5661
5662
5665
5666
5668
5669
5672
5674
5675
5677
5679
5680
5681
5682
5683
5685
5687
5688
5689
5690
5693
5695
5697
5698
5699
5700
5702
5706
5707
5708
5709
5711
5714
5715
5716
5717
5719
5720
5721
5722
5723
5724
5725
5729
5731
5735
5738
5742
5743
5744
5745
5746
5747
5748
5749
5750
5753
5755
5757
5761
5762
5763
5764
5765
5766
5767
5770
5772
5774
5775
5776
5777
5779
5780
5781
5782
5783
5784
5786
5787
5789
5790
5791
5792
5794
5795
5796
5798
5801
5802
5803
5804
5805
5807
5808
5815
5816
5817
5818
5820
5823
5826
5827
5828
5829
5830
5833
5837
5840
5847
5848
5852
5853
5855
5856
5857
5858
5860
5862
5863
5865
5868
5871
5873
5874
5876
5877
5878
5881
5882
5883
5884
5885
5886
5888
5889
5890
5891
5892
5893
5897
5899
5902
5903
5905
5908
5909
5910
5911
5912
5913
5914
5916
5918
5925
5926
5927
5928
5933
5934
5935
5936
5939
5940
5941
5942
5943
5948
5951
5952
5955
5956
5957
5958
5959
5962
5963
5964
5965
5968
5972
5977
5978
5979
5980
5982
5984
5985
5987
5988
5990
5991
5992
5993
5995
5998
5999
6000
6003
6004
6005
6006
6007
6009
6011
6012
6013
6014
6016
6017
6019
6021
6023
6025
6030
6035
6037
6039
6040
6042
6043
6047
6048
6049
6050
6052
6056
6058
6059
6060
6062
6063
6064
6065
6068
6070
6073
6074
6079
6080
6081
6082
6085
6087
6090
6091
6093
6095
6097
6098
6099
6102
6103
6104
6105
6106
6107
6110
6111
6112
6113
6114
6115
6119
6121
6122
6124
6125
6128
6129
6133
6134
6136
6137
6140
6141
6146
6149
6150
6151
6154
6155
6157
6158
6159
6162
6164
6166
6167
6168
6169
6170
6171
6176
6177
6179
6180
6183
6184
6185
6187
6189
6192
6193
6195
6197
6198
6199
6201
6203
6205
6210
6211
6212
6213
6215
6217
6218
6219
6220
6221
6222
6225
6226
6227
6228
6229
6230
6232
6234
6235
6237
6239
6242
6245
6246
6248
6249
6250
6252
6254
6256
6257
6258
6260
6261
6262
6266
6268
6271
6272
6276
6277
6279
6280
6281
6282
6283
6284
6285
6287
6288
6290
6291
6292
6293
6295
6297
6298
6299
6300
6301
6302
6304
6306
6307
6309
6311
6312
6313
6315
6316
6319
6320
6323
6324
6326
6327
6331
6332
6333
6335
6336
6337
6338
6341
6342
6343
6344
6348
6349
6353
6354
6355
6358
6359
6361
6364
6365
6366
6367
6368
6370
6372
6374
6377
6380
6381
6384
6386
6387
6388
6389
6390
6391
6393
6397
6399
6400
6403
6405
6406
6407
6409
6410
6413
6416
6417
6418
6420
6424
6427
6428
6430
6432
6435
6438
6439
6441
6443
6445
6447
6448
6450
6451
6455
6458
6459
6460
6463
6464
6467
6468
6469
6471
6474
6475
6476
6480
6483
6484
6488
6489
6491
6492
6493
6494
6495
6497
6499
6500
6501
6502
6503
6504
6505
6506
6507
6509
6510
6511
6515
6516
6517
6518
6519
6520
6521
6523
6525
6526
6528
6533
6534
6535
6537
6539
6540
6542
6544
6548
6550
6551
6552
6554
6558
6560
6561
6562
6563
6565
6567
6568
6569
6571
6572
6574
6578
6579
6581
6582
6586
6587
6588
6589
6590
6591
6592
6595
6597
6598
6599
6600
6603
6607
6608
6609
6610
6614
6616
6617
6618
6620
6622
6623
6625
6626
6631
6633
6634
6636
6639
6642
6643
6644
6645
6649
6650
6651
6652
6653
6654
6655
6657
6661
6662
6663
6665
6666
6667
6668
6669
6670
6671
6672
6673
6676
6677
6678
6679
6680
6681
6682
6683
6684
6685
6686
6687
6689
6690
6691
6693
6695
6696
6697
6698
6699
6700
6704
6706
6707
6709
6713
6715
6718
6719
6720
6722
6723
6724
6725
6726
6727
6728
6730
6731
6732
6736
6737
6739
6740
6741
6742
6747
6748
6750
6752
6755
6756
6757
6759
6760
6762
6763
6764
6766
6767
6770
6771
6772
6774
6775
6778
6782
6783
6785
6786
6787
6789
6792
6795
6799
6801
6803
6805
6807
6813
6815
6819
6820
6821
6822
6823
6824
6825
6827
6828
6832
6836
6837
6838
6839
6840
6842
6843
6844
6845
6846
6847
6848
6850
6852
6854
6856
6857
6860
6861
6863
6864
6865
6866
6867
6868
6869
6872
6874
6877
6879
6880
6881
6883
6885
6886
6887
6889
6890
6891
6892
6895
6899
6902
6903
6905
6906
6907
6909
6910
6912
6913
6915
6917
6922
6923
6924
6925
6926
6927
6930
6931
6933
6935
6938
6940
6945
6947
6949
6951
6952
6953
6954
6956
6958
6959
6962
6963
6964
6965
6967
6968
6970
6971
6973
6974
6976
6978
6979
6980
6981
6983
6984
6985
6986
6987
6988
6989
6990
6992
6994
6996
7000
7001
7002
7003
7005
7006
7007
7010
7013
7014
7015
7016
7018
7020
7021
7024
7026
7031
7033
7038
7039
7044
7045
7046
7048
7049
7050
7053
7054
7056
7060
7063
7065
7067
7068
7069
7070
7071
7072
7073
7074
7075
7076
7077
7079
7080
7081
7082
7085
7090
7092
7094
7095
7096
7098
7099
7100
7103
7104
7105
7106
7108
7110
7111
7112
7113
7114
7115
7117
7120
7121
7124
7127
7130
7131
7132
7133
7135
7136
7137
7138
7139
7141
7142
7143
7144
7145
7146
7147
7148
7150
7151
7153
7154
7155
7157
7159
7160
7162
7164
7165
7166
7171
7172
7173
7175
7179
7180
7181
7184
7185
7187
7188
7190
7191
7192
7193
7194
7195
7198
7199
7202
7203
7204
7208
7209
7210
7214
7216
7217
7219
7221
7222
7224
7225
7226
7227
7229
7230
7235
7237
7238
7239
7240
7241
7243
7244
7246
7247
7249
7251
7252
7253
7254
7255
7258
7259
7263
7265
7267
7270
7272
7273
7275
7276
7277
7278
7279
7280
7281
7282
7285
7288
7289
7290
7291
7292
7293
7294
7295
7297
7298
7301
7302
7303
7306
7307
7308
7309
7310
7313
7314
7315
7320
7321
7324
7326
7328
7329
7330
7331
7332
7333
7335
7336
7337
7338
7339
7340
7341
7343
7346
7350
7357
7358
7359
7361
7362
7363
7364
7368
7370
7372
7373
7375
7376
7377
7380
7383
7387
7388
7391
7392
7393
7395
7397
7398
7399
7401
7402
7403
7404
7406
7407
7408
7411
7412
7417
7418
7419
7421
7422
7423
7424
7426
7427
7428
7430
7431
7433
7435
7437
7439
7442
7445
7447
7448
7450
7451
7454
7456
7457
7460
7461
7464
7465
7466
7467
7468
7471
7477
7479
7480
7482
7484
7485
7488
7489
7490
7491
7492
7493
7494
7495
7496
7497
7500
7501
7504
7505
7506
7507
7508
7509
7511
7515
7516
7521
7522
7523
7525
7527
7529
7530
7531
7533
7534
7535
7536
7538
7539
7540
7541
7543
7544
7545
7546
7547
7548
7551
7552
7553
7554
7555
7557
7558
7559
7560
7561
7562
7563
7565
7566
7567
7568
7569
7570
7573
7574
7575
7576
7577
7579
7581
7584
7585
7586
7587
7588
7589
7590
7591
7592
7594
7596
7598
