1
4
5
6
8
9
10
12
14
17
18
19
21
22
24
26
27
28
30
32
33
34
37
38
39
40
42
44
45
46
47
48
49
51
52
55
56
57
59
60
61
62
63
64
65
66
67
71
72
73
74
76
77
78
79
80
81
82
83
88
90
91
93
94
96
99
100
105
107
112
115
117
118
119
120
121
124
125
126
127
128
130
131
132
133
134
136
137
140
141
142
143
145
146
149
151
152
154
155
156
158
159
160
161
162
163
164
166
167
168
173
174
175
176
178
179
184
185
187
189
190
191
192
193
194
195
198
199
200
202
203
204
210
213
214
215
217
219
220
221
223
224
225
227
229
230
231
233
234
238
240
243
245
246
247
248
250
251
252
255
256
258
261
263
264
265
267
268
270
271
272
273
275
277
279
281
282
283
284
285
286
287
289
290
292
295
298
301
305
306
307
308
312
313
314
316
317
322
323
325
326
327
330
331
332
333
334
335
341
342
343
344
349
350
351
353
354
355
356
357
358
359
360
361
363
364
365
366
367
368
369
370
372
373
374
376
377
378
381
382
384
385
389
391
392
393
395
396
404
406
407
408
409
410
412
414
415
416
419
423
424
425
426
427
430
431
432
433
435
436
440
441
442
443
444
445
446
449
450
454
455
456
458
460
461
463
464
465
468
472
473
474
475
476
478
481
485
486
487
488
489
490
493
494
495
496
497
498
499
504
505
506
507
508
509
510
511
514
516
517
518
519
520
522
524
525
526
527
528
529
530
533
534
535
537
538
539
540
542
544
545
546
549
550
552
553
554
558
562
564
567
568
569
570
574
581
582
584
586
589
590
596
597
598
600
601
603
605
606
607
610
613
614
615
616
618
620
621
622
624
625
626
627
628
629
630
631
635
636
637
639
640
641
642
643
644
645
647
648
649
650
652
653
654
656
657
658
659
662
663
664
665
668
669
672
673
674
675
676
677
679
680
682
683
684
685
687
688
693
697
698
699
700
701
704
705
708
710
711
712
715
718
719
722
723
724
726
727
728
729
730
731
733
734
736
739
742
744
746
748
749
750
752
755
758
760
761
762
763
764
766
768
769
770
771
773
779
780
781
783
785
788
791
792
794
795
797
798
799
800
802
804
805
806
807
808
809
810
811
812
813
814
815
816
817
818
819
820
822
823
825
826
828
829
831
835
836
840
841
846
849
850
852
853
854
855
857
859
860
861
862
863
865
866
867
869
870
871
873
875
876
877
879
880
881
884
885
889
892
893
897
898
899
900
904
909
910
911
916
917
918
919
920
922
923
924
925
927
928
932
934
935
936
937
938
939
940
941
943
944
945
948
950
951
953
954
955
956
957
958
959
960
961
962
963
966
967
968
969
971
972
973
974
979
980
981
982
983
984
985
987
988
990
991
992
993
995
996
997
998
999
1002
1003
1004
1005
1006
1010
1011
1012
1013
1014
1015
1016
1018
1019
1021
1022
1023
1024
1026
1027
1028
1029
1030
1031
1032
1038
1039
1040
1041
1042
1043
1044
1048
1049
1050
1052
1053
1055
1056
1057
1058
1061
1063
1064
1065
1066
1067
1068
1069
1070
1071
1073
1074
1077
1078
1079
1085
1086
1088
1089
1092
1093
1095
1098
1100
1102
1103
1104
1105
1106
1109
1113
1115
1117
1118
1120
1121
1122
1124
1125
1128
1129
1130
1132
1135
1136
1137
1138
1142
1143
1144
1146
1148
1149
1150
1151
1152
1153
1154
1155
1157
1158
1159
1160
1161
1163
1164
1165
1166
1167
1169
1171
1172
1173
1174
1175
1176
1178
1181
1183
1186
1188
1189
1190
1191
1193
1195
1196
1197
1198
1201
1202
1205
1206
1207
1208
1210
1212
1213
1214
1215
1216
1217
1219
1220
1221
1222
1224
1227
1231
1232
1234
1237
1238
1239
1240
1241
1246
1248
1251
1254
1255
1256
1257
1259
1260
1263
1264
1266
1268
1270
1273
1274
1275
1276
1277
1278
1279
1281
1282
1288
1289
1291
1293
1294
1297
1298
1299
1300
1302
1304
1305
1306
1307
1308
1309
1310
1311
1312
1313
1315
1316
1318
1321
1323
1326
1327
1328
1331
1333
1334
1336
1337
1338
1342
1344
1346
1347
1348
1349
1350
1351
1352
1353
1354
1355
1356
1357
1358
1359
1360
1361
1362
1364
1366
1368
1369
1370
1371
1372
1373
1374
1375
1376
1379
1380
1381
1382
1383
1387
1389
1394
1395
1398
1403
1405
1406
1412
1413
1414
1416
1418
1419
1420
1422
1423
1425
1426
1430
1431
1434
1436
1437
1438
1439
1440
1441
1442
1444
1445
1446
1447
1449
1450
1451
1453
1454
1455
1457
1458
1459
1460
1465
1467
1470
1471
1473
1474
1476
1478
1480
1481
1483
1484
1485
1486
1487
1488
1490
1491
1492
1495
1496
1497
1498
1499
1500
1502
1503
1504
1505
1510
1511
1515
1516
1518
1520
1524
1525
1526
1527
1529
1530
1532
1533
1534
1536
1541
1542
1544
1546
1547
1548
1549
1551
1553
1554
1555
1556
1558
1559
1560
1562
1563
1564
1565
1566
1567
1568
1570
1571
1572
1573
1574
1575
1576
1577
1578
1582
1583
1584
1585
1589
1593
1595
1597
1598
1599
1601
1605
1606
1607
1608
1611
1612
1614
1615
1616
1618
1619
1620
1621
1623
1624
1625
1627
1629
1632
1634
1635
1636
1638
1639
1640
1641
1643
1644
1645
1646
1648
1650
1651
1653
1657
1658
1659
1660
1661
1663
1664
1666
1667
1668
1669
1670
1671
1676
1677
1680
1682
1684
1685
1686
1687
1689
1694
1695
1696
1697
1700
1701
1705
1707
1708
1712
1713
1715
1716
1722
1723
1724
1725
1727
1728
1729
1731
1732
1733
1734
1737
1740
1741
1743
1744
1745
1750
1751
1752
1759
1761
1763
1765
1766
1769
1770
1771
1772
1774
1775
1776
1778
1780
1781
1782
1783
1784
1785
1789
1790
1793
1794
1796
1797
1798
1800
1801
1802
1803
1804
1805
1807
1808
1810
1811
1812
1813
1814
1815
1817
1818
1819
1821
1822
1823
1824
1826
1828
1829
1830
1831
1834
1835
1836
1839
1840
1841
1842
1843
1846
1852
1853
1854
1855
1856
1859
1861
1863
1865
1867
1868
1869
1871
1872
1874
1876
1877
1878
1880
1881
1882
1883
1884
1888
1889
1890
1891
1893
1895
1897
1898
1902
1903
1904
1905
1906
1908
1912
1914
1918
1919
1920
1921
1922
1925
1926
1928
1929
1930
1931
1933
1934
1935
1936
1937
1938
1939
1940
1941
1942
1943
1944
1946
1947
1948
1949
1951
1953
1955
1956
1959
1960
1964
1965
1966
1967
1969
1971
1972
1973
1974
1975
1976
1978
1979
1981
1982
1983
1986
1987
1989
1991
1992
1993
1996
1997
1998
2000
2001
2002
2006
2007
2008
2009
2010
2011
2013
2014
2015
2016
2017
2018
2020
2022
2023
2024
2026
2027
2030
2031
2032
2033
2034
2035
2036
2037
2038
2039
2041
2042
2044
2045
2046
2050
2051
2052
2053
2054
2059
2060
2061
2063
2064
2066
2067
2068
2071
2072
2073
2074
2075
2076
2077
2078
2079
2081
2082
2085
2086
2088
2090
2093
2095
2097
2100
2103
2104
2105
2106
2107
2108
2110
2111
2115
2116
2117
2118
2120
2122
2123
2126
2129
2130
2131
2132
2133
2139
2142
2143
2146
2147
2149
2150
2151
2152
2154
2155
2156
2157
2159
2160
2161
2163
2164
2165
2166
2169
2170
2172
2173
2174
2176
2179
2182
2184
2185
2189
2191
2192
2197
2201
2203
2205
2207
2210
2214
2215
2216
2218
2219
2220
2221
2222
2227
2228
2230
2231
2234
2236
2238
2239
2241
2243
2245
2246
2248
2249
2250
2251
2255
2257
2258
2259
2260
2261
2262
2263
2264
2265
2268
2270
2272
2273
2276
2277
2278
2279
2280
2282
2285
2286
2289
2291
2295
2296
2299
2300
2301
2303
2304
2306
2308
2309
2310
2311
2312
2313
2314
2315
2317
2319
2321
2324
2328
2329
2330
2331
2332
2334
2340
2343
2344
2346
2347
2348
2350
2351
2353
2354
2357
2358
2361
2363
2364
2365
2366
2367
2368
2369
2371
2372
2375
2376
2377
2378
2379
2381
2383
2385
2386
2389
2390
2391
2392
2393
2394
2395
2397
2398
2399
2400
2401
2402
2403
2404
2407
2408
2409
2410
2414
2415
2416
2417
2419
2420
2421
2422
2423
2424
2425
2426
2427
2428
2429
2431
2437
2440
2442
2443
2445
2453
2454
2456
2457
2459
2461
2464
2466
2469
2470
2474
2476
2478
2481
2483
2484
2485
2486
2487
2488
2489
2491
2492
2493
2494
2495
2496
2498
2500
2501
2503
2506
2507
2508
2509
2510
2511
2512
2515
2518
2519
2520
2521
2522
2523
2524
2525
2530
2532
2533
2534
2535
2536
2537
2540
2541
2543
2545
2546
2547
2548
2549
2550
2551
2552
2553
2554
2556
2559
2562
2565
2566
2571
2572
2576
2579
2581
2584
2588
2589
2591
2593
2594
2595
2596
2597
2598
2599
2600
2602
2603
2605
2607
2608
2609
2611
2613
2616
2617
2620
2621
2624
2625
2627
2628
2629
2630
2632
2634
2635
2636
2637
2641
2642
2643
2644
2645
2646
2647
2648
2650
2651
2652
2653
2657
2659
2660
2661
2664
2665
2666
2668
2669
2672
2674
2677
2678
2680
2681
2683
2686
2687
2689
2692
2693
2694
2696
2698
2699
2700
2701
2703
2704
2705
2706
2708
2711
2713
2715
2717
2718
2719
2720
2721
2722
2724
2725
2727
2728
2730
2732
2734
2735
2737
2739
2741
2744
2746
2747
2748
2750
2751
2752
2753
2754
2755
2757
2758
2760
2762
2763
2764
2767
2768
2769
2770
2771
2772
2776
2777
2778
2780
2782
2783
2784
2787
2789
2790
2792
2798
2799
2801
2802
2803
2804
2806
2807
2808
2810
2811
2812
2813
2814
2815
2816
2817
2818
2819
2820
2824
2825
2826
2829
2830
2831
2832
2835
2836
2837
2839
2841
2842
2844
2845
2848
2849
2851
2854
2856
2860
2861
2864
2866
2867
2868
2871
2872
2873
2874
2877
2879
2880
2883
2887
2888
2889
2890
2892
2893
2895
2896
2897
2898
2899
2900
2902
2905
2906
2907
2908
2909
2911
2912
2914
2915
2917
2918
2921
2923
2925
2926
2928
2930
2931
2934
2935
2936
2938
2941
2942
2944
2945
2946
2948
2953
2954
2955
2956
2957
2963
2965
2967
2968
2969
2970
2971
2976
2979
2980
2984
2985
2986
2987
2990
2991
2992
2993
2994
2998
3001
3002
3003
3004
3005
3007
3008
3009
3013
3015
3017
3020
3021
3024
3027
3029
3030
3032
3033
3034
3038
3039
3040
3041
3042
3043
3045
3046
3048
3049
3053
3057
3058
3059
3060
3063
3064
3066
3067
3068
3071
3072
3073
3074
3077
3078
3085
3086
3088
3090
3093
3095
3096
3097
3098
3099
3100
3102
3104
3106
3107
3109
3110
3111
3112
3114
3115
3116
3117
3120
3121
3122
3124
3125
3128
3131
3134
3140
3142
3143
3146
3147
3148
3153
3155
3156
3158
3159
3165
3168
3170
3171
3172
3175
3177
3179
3180
3185
3186
3187
3189
3190
3193
3194
3196
3197
3198
3202
3203
3205
3207
3211
3212
3213
3214
3218
3221
3222
3224
3225
3227
3228
3230
3231
3232
3234
3235
3238
3239
3242
3243
3244
3245
3247
3249
3251
3252
3253
3257
3259
3260
3262
3264
3265
3266
3269
3270
3271
3272
3274
3276
3277
3281
3284
3285
3286
3287
3288
3289
3290
3291
3292
3297
3298
3299
3300
3301
3303
3304
3305
3306
3307
3309
3311
3312
3314
3317
3322
3323
3324
3325
3326
3327
3328
3332
3333
3336
3337
3338
3339
3340
3345
3347
3348
3349
3350
3351
3352
3354
3356
3358
3359
3360
3361
3362
3364
3365
3367
3368
3369
3370
3371
3372
3373
3375
3376
3377
3381
3382
3384
3385
3387
3392
3393
3394
3395
3398
3400
3404
3405
3407
3410
3411
3412
3415
3417
3418
3420
3421
3422
3423
3424
3425
3426
3427
3428
3430
3431
3432
3434
3435
3438
3440
3441
3442
3446
3447
3448
3449
3450
3451
3453
3454
3455
3457
3458
3459
3462
3465
3467
3468
3469
3470
3471
3472
3473
3477
3478
3479
3481
3484
3485
3487
3489
3490
3491
3492
3493
3495
3497
3498
3499
3500
3502
3507
3510
3511
3512
3513
3516
3517
3518
3519
3524
3525
3528
3529
3530
3531
3533
3534
3535
3536
3539
3540
3541
3543
3546
3547
3548
3549
3552
3554
3555
3556
3557
3560
3561
3563
3565
3566
3567
3570
3571
3572
3575
3576
3577
3578
3579
3582
3583
3584
3586
3588
3589
3596
3597
3598
3600
3602
3603
3604
3608
3609
3612
3616
3618
3619
3620
3625
3626
3633
3635
3636
3637
3638
3639
3640
3641
3642
3643
3644
3646
3647
3648
3649
3650
3651
3652
3653
3655
3656
3658
3659
3661
3662
3664
3666
3667
3668
3670
3672
3673
3675
3677
3678
3679
3680
3682
3685
3686
3687
3690
3691
3692
3694
3696
3697
3698
3699
3700
3701
3702
3705
3709
3713
3715
3717
3719
3720
3721
3722
3723
3724
3725
3726
3729
3733
3734
3735
3736
3739
3741
3742
3743
3744
3746
3748
3750
3751
3752
3754
3755
3756
3758
3759
3760
3761
3763
3764
3765
3766
3768
3770
3771
3772
3773
3774
3779
3780
3781
3783
3784
3785
3786
3787
3788
3789
3792
3795
3796
3797
3798
3800
3801
3802
3803
3804
3806
3808
3810
3814
3815
3819
3822
3823
3824
3826
3827
3828
3829
3830
3835
3837
3838
3839
3840
3842
3843
3844
3849
3850
3852
3853
3856
3857
3860
3862
3863
3865
3866
3867
3869
3870
3873
3874
3875
3876
3877
3879
3880
3881
3882
3884
3886
3887
3889
3892
3895
3896
3898
3899
3900
3901
3902
3903
3904
3908
3909
3910
3913
3915
3917
3920
3921
3922
3923
3927
3928
3929
3930
3932
3933
3938
3939
3941
3943
3946
3949
3952
3955
3956
3957
3958
3960
3961
3962
3965
3967
3968
3970
3972
3973
3974
3976
3982
3983
3984
3989
3991
3992
3995
3996
3997
3998
3999
4000
4002
4005
4008
4009
4011
4013
4014
4015
4016
4017
4018
4020
4021
4022
4023
4024
4028
4029
4030
4031
4033
4035
4038
4040
4041
4042
4044
4045
4047
4048
4049
4050
4051
4053
4056
4058
4059
4060
4061
4062
4063
4064
4068
4069
4071
4073
4074
4076
4077
4079
4081
4082
4084
4085
4086
4088
4089
4090
4091
4092
4093
4094
4095
4096
4097
4098
4099
4104
4108
4110
4113
4115
4119
4120
4122
4125
4126
4127
4128
4129
4131
4132
4135
4136
4137
4138
4139
4140
4141
4142
4143
4144
4145
4147
4149
4153
4155
4156
4157
4159
4161
4163
4167
4168
4169
4170
4171
4173
4174
4175
4176
4177
4179
4180
4183
4186
4187
4188
4191
4194
4195
4196
4197
4199
4201
4202
4203
4204
4205
4206
4207
4208
4209
4210
4211
4213
4214
4215
4217
4218
4219
4222
4223
4224
4225
4226
4227
4228
4229
4231
4232
4233
4234
4235
4236
4237
4238
4239
4244
4247
4248
4250
4254
4257
4259
4261
4262
4263
4264
4268
4269
4270
4271
4274
4275
4276
4277
4279
4281
4283
4284
4286
4287
4288
4289
4291
4292
4295
4296
4298
4300
4301
4302
4303
4305
4307
4310
4313
4314
4315
4316
4317
4319
4321
4323
4324
4327
4328
4329
4330
4332
4333
4337
4338
4340
4341
4342
4343
4345
4346
4347
4351
4352
4353
4355
4356
4357
4358
4360
4361
4362
4363
4365
4368
4369
4370
4371
4374
4376
4378
4382
4384
4385
4386
4388
4394
4396
4397
4398
4401
4403
4404
4406
4407
4409
4410
4411
4412
4413
4414
4415
4416
4419
4420
4421
4422
4424
4425
4426
4430
4431
4432
4434
4435
4436
4437
4442
4445
4449
4450
4451
4452
4453
4454
4462
4464
4468
4477
4478
4479
4482
4483
4484
4485
4486
4487
4488
4490
4491
4492
4493
4495
4496
4497
4498
4499
4500
4501
4503
4504
4505
4508
4510
4512
4513
4514
4516
4517
4518
4519
4522
4524
4525
4526
4527
4529
4531
4532
4534
4535
4537
4539
4543
4545
4547
4548
4549
4550
4551
4552
4553
4554
4555
4557
4558
4560
4561
4563
4564
4565
4567
4568
4569
4573
4574
4576
4582
4583
4586
4587
4588
4589
4590
4592
4599
4601
4603
4605
4614
4615
4616
4617
4622
4625
4626
4628
4631
4634
4635
4636
4638
4640
4643
4644
4646
4648
4650
4652
4653
4654
4655
4657
4658
4660
4661
4663
4664
4665
4667
4673
4674
4675
4676
4677
4680
4682
4683
4684
4688
4689
4690
4691
4692
4693
4694
4695
4696
4698
4701
4702
4704
4707
4708
4710
4711
4713
4716
4717
4718
4719
4720
4721
4722
4723
4724
4725
4727
4730
4731
4736
4738
4739
4740
4743
4744
4746
4747
4750
4751
4752
4753
4754
4755
4757
4759
4761
4762
4763
4767
4769
4772
4773
4774
4775
4776
4777
4779
4780
4781
4782
4784
4786
4787
4788
4789
4790
4791
4792
4793
4795
4796
4797
4798
4801
4803
4804
4805
4806
4807
4808
4812
4814
4816
4817
4823
4826
4829
4830
4831
4832
4833
4836
4838
4841
4843
4844
4845
4846
4847
4850
4852
4854
4856
4860
4862
4863
4864
4866
4869
4870
4872
4874
4875
4876
4877
4880
4881
4883
4884
4890
4892
4896
4899
4904
4905
4907
4909
4910
4912
4913
4915
4916
4917
4918
4919
4920
4923
4925
4926
4927
4928
4929
4931
4932
4934
4935
4936
4937
4938
4941
4942
4943
4945
4946
4950
4951
4952
4953
4954
4956
4958
4961
4962
4963
4964
4965
4966
4969
4970
4971
4972
4975
4977
4978
4979
4981
4982
4984
4985
4986
4987
4988
4989
4991
4992
4994
4995
4997
4998
5003
5004
5011
5013
5016
5017
5018
5019
5020
5021
5022
5025
5028
5030
5033
5038
5039
5040
5041
5042
5048
5049
5050
5051
5052
5054
5055
5056
5057
5058
5059
5061
5062
5064
5065
5066
5067
5068
5069
5072
5073
5075
5076
5079
5081
5082
5084
5085
5087
5088
5090
5091
5092
5094
5098
5099
5101
5102
5103
5104
5107
5109
5110
5111
5116
5119
5120
5121
5122
5123
5124
5126
5127
5128
5131
5134
5135
5136
5137
5139
5141
5142
5145
5149
5150
5151
5152
5153
5154
5156
5160
5166
5167
5169
5170
5172
5173
5174
5177
5179
5180
5182
5183
5185
5187
5188
5190
5193
5195
5196
5197
5199
5200
5201
5202
5203
5205
5206
5211
5214
5215
5217
5218
5219
5221
5222
5223
5224
5225
5232
5234
5235
5238
5239
5241
5242
5243
5247
5249
5250
5254
5255
5256
5258
5259
5260
5262
5263
5264
5267
5269
5271
5273
5275
5276
5277
5278
5279
5281
5282
5284
5285
5290
5291
5293
5294
5295
5299
5300
5302
5304
5305
5306
5307
5309
5313
5315
5317
5318
5321
5323
5324
5330
5332
5333
5334
5335
5337
5339
5340
5341
5342
5343
5344
5345
5347
5348
5350
5351
5352
5353
5355
5359
5360
5361
5362
5364
5365
5367
5370
5371
5373
5375
5376
5377
5380
5381
5382
5383
5385
5387
5388
5390
5391
5392
5394
5395
5396
5397
5398
5399
5400
5401
5403
5404
5406
5408
5410
5411
5412
5416
5417
5418
5419
5420
5421
5422
5423
5425
5427
5428
5429
5430
5431
5433
5437
5441
5443
5444
5446
5449
5451
5452
5456
5457
5459
5461
5462
5465
5466
5467
5468
5474
5475
5476
5477
5478
5480
5482
5483
5484
5485
5487
5489
5490
5491
5493
5494
5496
5498
5499
5502
5503
5504
5505
5511
5512
5515
5516
5517
5519
5520
5524
5528
5530
5531
5532
5533
5535
5536
5538
5540
5542
5543
5544
5545
5546
5547
5548
5549
5550
5551
5552
5554
5555
5556
5557
5560
5562
5563
5564
5569
5570
5573
5575
5576
5577
5578
5579
5580
5583
5585
5586
5589
5597
5599
5603
5604
5607
5608
5609
5612
5613
5619
5620
5622
5623
5626
5627
5629
5630
5632
5633
5634
5635
5639
5640
5641
5642
5643
5644
5645
5646
5651
5652
5654
5656
5657
5659
5660
5665
5667
5669
5670
5674
5677
5678
5679
5681
5682
5683
5684
5685
5686
5688
5689
5691
5694
5696
5697
5700
5701
5702
5703
5704
5705
5707
5710
5711
5713
5715
5716
5718
5724
5725
5727
5728
5729
5732
5734
5736
5737
5738
5739
5740
5742
5743
5745
5746
5748
5749
5754
5757
5759
5760
5765
5766
5767
5768
5769
5770
5771
5772
5773
5776
5777
5779
5781
5784
5785
5788
5789
5791
5793
5795
5796
5797
5798
5799
5800
5801
5803
5806
5807
5809
5811
5812
5813
5816
5817
5818
5820
5821
5822
5827
5829
5830
5831
5833
5834
5836
5837
5839
5842
5843
5844
5848
5851
5853
5854
5855
5856
5857
5858
5861
5863
5866
5868
5870
5871
5872
5875
5877
5880
5881
5883
5884
5886
5887
5888
5889
5892
5893
5894
5895
5897
5898
5901
5902
5906
5907
5910
5912
5914
5915
5916
5917
5920
5921
5922
5923
5924
5926
5928
5933
5936
5938
5939
5940
5941
5942
5943
5944
5945
5946
5947
5948
5949
5950
5951
5952
5953
5955
5956
5958
5959
5960
5961
5964
5965
5967
5969
5974
5977
5978
5982
5984
5986
5987
5988
5990
5991
5992
5993
5994
5995
5996
5997
5998
5999
6001
6002
6003
6005
6006
6007
6009
6011
6013
6014
6017
6020
6023
6024
6025
6026
6028
6031
6033
6035
6038
6042
6043
6044
6046
6047
6049
6050
6054
6055
6057
6062
6063
6066
6069
6070
6071
6074
6075
6078
6081
6082
6083
6084
6085
6087
6088
6090
6091
6092
6093
6094
6098
6099
6103
6105
6106
6107
6108
6110
6111
6113
6115
6116
6122
6123
6124
6129
6130
6131
6132
6133
6134
6138
6139
6142
6143
6144
6149
6151
6152
6156
6157
6158
6159
6160
6161
6164
6165
6167
6168
6169
6171
6172
6175
6176
6177
6179
6180
6181
6183
6184
6185
6188
6194
6195
6196
6197
6198
6200
6203
6205
6207
6209
6211
6212
6213
6214
6215
6216
6217
6219
6221
6224
6225
6227
6228
6229
6230
6232
6234
6236
6238
6240
6242
6245
6246
6247
6249
6250
6251
6252
6253
6254
6255
6257
6258
6262
6263
6264
6265
6266
6272
6273
6275
6278
6279
6280
6281
6283
6288
6289
6292
6293
6294
6295
6297
6298
6299
6302
6303
6305
6306
6308
6309
6312
6313
6314
6319
6323
6325
6328
6329
6331
6332
6333
6342
6343
6346
6347
6348
6350
6352
6353
6354
6356
6358
6359
6362
6363
6364
6367
6371
6373
6375
6376
6377
6378
6381
6382
6383
6384
6385
6386
6388
6389
6390
6392
6396
6398
6401
6402
6404
6406
6407
6409
6412
6414
6416
6418
6419
6420
6422
6423
6424
6425
6427
6430
6431
6433
6434
6435
6436
6438
6442
6443
6444
6446
6448
6449
6450
6452
6454
6460
6461
6466
6467
6468
6470
6472
6473
6474
6475
6476
6477
6478
6479
6481
6482
6485
6486
6487
6488
6489
6490
6491
6492
6493
6494
6495
6496
6498
6499
6501
6504
6505
6507
6509
6510
6511
6513
6514
6515
6516
6518
6519
6520
6522
6523
6524
6525
6526
6529
6531
6533
6537
6538
6539
6540
6541
6542
6543
6546
6548
6549
6550
6551
6554
6555
6558
6559
6560
6561
6562
6565
6566
6569
6570
6571
6575
6577
6578
6579
6581
6582
6585
6587
6589
6590
6591
6594
6595
6597
6598
6600
6602
6603
6605
6607
6608
6611
6613
6615
6616
6618
6620
6621
6623
6627
6628
6632
6633
6634
6635
6636
6637
6638
6639
6640
6641
6643
6644
6645
6647
6651
6652
6653
6654
6657
6658
6659
6661
6663
6664
6665
6666
6667
6669
6670
6671
6672
6673
6674
6676
6677
6678
6680
6681
6684
6685
6687
6691
6692
6693
6695
6696
6697
6701
6702
6704
6705
6707
6708
6711
6713
6719
6721
6722
6723
6726
6730
6731
6732
6733
6734
6735
6736
6737
6738
6739
6740
6741
6742
6743
6744
6746
6747
6748
6750
6751
6752
6753
6754
6755
6756
6757
6759
6760
6761
6762
6763
6764
6765
6767
6772
6773
6774
6776
6777
6778
6782
6783
6784
6785
6786
6788
6789
6791
6793
6794
6796
6797
6798
6800
6804
6805
6806
6807
6809
6810
6811
6812
6816
6817
6818
6819
6822
6824
6825
6828
6829
6831
6833
6834
6836
6837
6840
6841
6843
6845
6847
6848
6849
6850
6852
6853
6854
6855
6856
6857
6858
6859
6862
6863
6865
6869
6870
6875
6877
6880
6883
6885
6888
6889
6890
6892
6893
6897
6898
6899
6900
6901
6903
6906
6909
6910
6911
6913
6914
6915
6917
6921
6923
6925
6926
6927
6929
6930
6931
6933
6934
6935
6937
6939
6940
6941
6942
6944
6945
6946
6947
6948
6949
6950
6951
6952
6955
6958
6962
6963
6964
6965
6966
6967
6969
6970
6974
6975
6976
6978
6979
6981
6982
6984
6985
6986
6987
6990
6991
6993
6994
6995
6998
6999
7000
7002
7006
7008
7010
7014
7015
7019
7023
7024
7027
7028
7029
7031
7032
7037
7043
7044
7047
7048
7049
7052
7055
7057
7058
7059
7061
7062
7064
7065
7066
7067
7068
7069
7070
7071
7072
7074
7075
7076
7077
7078
7079
7081
7082
7083
7084
7085
7086
7088
7090
7092
7094
7096
7097
7099
7101
7103
7105
7107
7110
7111
7112
7113
7116
7117
7121
7123
7127
7128
7130
7131
7132
7136
7138
7139
7141
7142
7145
7146
7147
7149
7150
7151
7154
7155
7157
7159
7162
7164
7165
7167
7168
7170
7171
7174
7175
7177
7180
7181
7182
7183
7184
7190
7192
7196
7197
7199
7200
7202
7205
7206
7207
7208
7211
7214
7215
7217
7218
7219
7220
7221
7223
7224
7226
7227
7228
7234
7239
7242
7243
7244
7246
7249
7250
7251
7253
7254
7255
7259
7260
7261
7263
7264
7265
7266
7267
7269
7270
7271
7272
7273
7275
7276
7278
7281
7282
7283
7285
7286
7287
7288
7290
7291
7293
7294
7295
7297
7298
7299
7300
7301
7304
7306
7307
7312
7313
7314
7315
7316
7319
7320
7321
7323
7325
7326
7328
7329
7330
7331
7335
7336
7338
7341
7343
7344
7345
7346
7349
7351
7352
7353
7355
7357
7361
7362
7363
7364
7365
7366
7367
7368
7369
7371
7372
7374
7375
7377
7378
7379
7380
7386
7387
7389
7390
7391
7393
7394
7395
7396
7397
7399
7401
7402
7403
7404
7405
7407
7409
7410
7413
7414
7415
7417
7418
7419
7420
7421
7425
7427
7429
7430
7431
7432
7436
7438
7439
7442
7443
7444
7445
7448
7449
7452
7453
7455
7456
7459
7460
7462
7464
7465
7467
7469
7470
7471
7472
7475
7476
7477
7479
7480
7481
7483
7485
7486
7487
7491
7492
7493
7497
7498
7499
7500
7503
7504
7506
7507
7508
7510
7511
7512
7514
7515
7517
7520
7521
7524
7528
7529
7530
7531
7532
7533
7537
7539
7541
7544
7546
7547
7550
7551
7552
7553
7554
7558
7559
7561
7562
7565
7566
7567
7568
7570
7572
7574
7578
7580
7582
7584
7585
7587
7588
7589
7592
7595
7596
7597
7600
