1
4
5
6
9
10
11
12
13
19
20
22
23
26
27
28
29
35
40
42
43
45
46
49
50
51
52
53
54
55
56
59
60
61
62
64
65
67
69
70
71
72
73
74
75
76
77
78
80
81
82
86
88
89
91
93
95
96
97
98
104
105
106
107
108
111
113
117
118
120
121
125
126
127
130
131
132
133
134
135
136
138
139
142
144
145
146
148
150
151
152
154
156
161
164
166
169
170
175
178
179
180
181
182
183
185
186
187
188
189
191
192
194
195
196
197
198
199
200
201
202
204
205
206
207
208
209
210
211
217
218
219
220
223
224
226
227
228
232
233
235
237
238
239
241
242
245
249
251
252
253
255
259
260
261
262
263
264
269
270
271
275
277
278
279
280
281
282
284
285
287
288
291
292
294
295
296
297
299
304
307
310
312
313
314
317
322
325
327
328
329
333
336
337
338
341
342
344
349
350
351
353
355
358
359
360
361
362
363
364
365
367
369
370
371
372
373
375
380
382
384
386
387
388
389
391
392
397
398
399
401
402
404
405
406
408
409
410
411
412
415
416
417
419
420
421
422
423
424
426
429
431
433
437
439
440
442
445
446
448
450
451
453
455
458
459
462
463
465
466
467
468
471
473
474
479
483
486
487
488
490
491
493
495
496
497
498
499
500
502
508
510
512
513
514
515
517
521
522
523
527
528
529
530
531
534
536
537
538
539
540
541
543
544
546
547
548
551
553
555
556
557
559
560
563
564
565
566
568
569
572
574
575
577
578
579
582
584
585
587
588
589
592
594
595
596
597
598
601
602
603
604
605
606
607
609
610
613
615
616
617
620
621
624
625
628
629
632
633
634
635
636
637
640
642
643
645
646
647
650
651
652
653
655
656
657
660
662
663
667
671
673
674
677
678
679
680
683
684
685
686
690
691
693
697
698
699
704
707
710
711
712
714
721
722
724
726
728
729
730
731
732
733
734
735
736
737
738
739
741
742
743
744
745
746
748
751
752
753
755
759
760
761
762
764
765
766
767
768
770
772
780
781
783
784
785
786
787
788
789
790
795
797
800
802
803
804
805
806
808
809
810
812
815
817
821
823
824
826
827
828
831
832
833
834
835
837
839
841
844
845
846
848
849
850
851
852
854
855
857
858
860
861
862
864
867
868
869
871
872
873
876
878
880
881
884
887
888
891
892
893
894
896
897
898
899
902
904
905
907
909
910
912
913
914
915
916
917
918
919
921
924
926
927
928
929
931
932
933
934
935
936
937
938
940
941
942
944
945
946
947
950
951
952
953
954
955
957
964
965
966
967
968
969
970
971
972
973
974
976
977
978
979
980
981
982
983
984
985
988
989
991
992
993
995
998
999
1000
1002
1004
1006
1007
1008
1009
1011
1014
1015
1016
1018
1019
1020
1021
1023
1024
1026
1027
1029
1030
1032
1034
1035
1037
1038
1039
1041
1043
1045
1049
1050
1051
1052
1053
1055
1056
1057
1058
1059
1063
1064
1065
1066
1067
1068
1070
1073
1075
1078
1079
1080
1081
1082
1083
1084
1085
1086
1087
1088
1089
1090
1092
1093
1094
1095
1097
1101
1103
1106
1108
1110
1114
1116
1118
1119
1121
1122
1129
1130
1132
1133
1135
1136
1138
1140
1143
1144
1145
1148
1149
1153
1154
1156
1157
1158
1159
1161
1162
1163
1164
1165
1166
1167
1168
1169
1170
1171
1174
1175
1176
1177
1178
1179
1180
1181
1184
1187
1188
1189
1193
1194
1195
1197
1198
1200
1201
1202
1203
1205
1206
1207
1208
1210
1211
1213
1214
1215
1217
1220
1223
1226
1227
1229
1230
1233
1234
1235
1237
1240
1241
1244
1245
1247
1248
1249
1250
1252
1253
1254
1255
1256
1258
1259
1263
1265
1266
1268
1272
1274
1276
1277
1278
1279
1280
1281
1283
1284
1285
1286
1288
1289
1291
1292
1294
1295
1297
1298
1299
1300
1301
1302
1306
1307
1308
1312
1313
1316
1317
1318
1319
1320
1322
1324
1325
1328
1329
1330
1331
1332
1337
1338
1339
1340
1341
1342
1343
1344
1348
1349
1353
1354
1355
1358
1359
1360
1361
1365
1366
1367
1368
1369
1370
1373
1374
1376
1377
1378
1380
1381
1382
1383
1384
1385
1391
1392
1394
1396
1399
1401
1404
1405
1406
1408
1409
1412
1414
1416
1418
1419
1420
1421
1422
1423
1424
1425
1427
1429
1430
1431
1432
1434
1435
1436
1437
1438
1439
1440
1441
1442
1445
1447
1448
1449
1450
1451
1452
1455
1459
1463
1464
1465
1469
1470
1474
1475
1476
1477
1480
1481
1483
1485
1486
1487
1489
1490
1494
1496
1498
1499
1500
1501
1502
1503
1504
1507
1508
1510
1512
1514
1516
1517
1518
1522
1523
1525
1526
1528
1529
1530
1535
1538
1540
1541
1542
1544
1545
1546
1549
1550
1551
1553
1555
1556
1557
1559
1560
1561
1562
1563
1564
1566
1567
1569
1570
1571
1573
1576
1578
1580
1583
1584
1585
1586
1588
1594
1598
1599
1602
1603
1605
1606
1607
1610
1612
1614
1618
1619
1621
1624
1625
1626
1630
1631
1633
1635
1639
1640
1642
1643
1644
1647
1648
1649
1652
1655
1656
1658
1661
1664
1665
1666
1669
1670
1671
1672
1673
1674
1675
1676
1677
1678
1681
1682
1683
1688
1689
1690
1691
1692
1694
1695
1697
1698
1704
1705
1707
1710
1712
1715
1716
1717
1719
1720
1722
1723
1726
1731
1736
1738
1739
1740
1742
1743
1744
1746
1750
1751
1754
1755
1756
1758
1759
1763
1764
1765
1767
1768
1770
1771
1772
1781
1782
1784
1786
1787
1789
1791
1792
1795
1796
1798
1799
1800
1802
1803
1804
1805
1809
1810
1811
1812
1813
1814
1817
1819
1820
1822
1823
1824
1825
1828
1829
1830
1831
1835
1838
1840
1841
1842
1843
1844
1845
1846
1847
1849
1850
1853
1855
1858
1859
1860
1861
1862
1863
1864
1865
1868
1869
1871
1872
1876
1877
1880
1882
1884
1886
1887
1892
1893
1895
1897
1899
1900
1901
1902
1903
1904
1908
1909
1911
1912
1914
1915
1919
1920
1922
1923
1925
1928
1929
1933
1934
1935
1937
1938
1939
1941
1942
1945
1947
1948
1949
1950
1952
1953
1954
1955
1956
1957
1960
1961
1964
1967
1968
1969
1971
1972
1975
1979
1981
1982
1983
1986
1988
1989
1991
1992
1994
1997
1999
2000
2002
2003
2004
2006
2011
2012
2014
2015
2016
2017
2018
2021
2022
2023
2025
2026
2028
2029
2030
2031
2032
2033
2037
2041
2043
2044
2045
2046
2047
2048
2049
2050
2052
2055
2056
2057
2058
2059
2060
2062
2065
2066
2068
2069
2070
2071
2072
2073
2074
2077
2078
2079
2080
2082
2083
2084
2089
2091
2093
2095
2097
2098
2102
2104
2106
2107
2109
2113
2117
2119
2120
2121
2124
2125
2127
2129
2131
2132
2135
2138
2139
2140
2141
2142
2143
2145
2146
2148
2154
2156
2157
2159
2160
2162
2165
2166
2168
2171
2174
2176
2178
2181
2182
2183
2187
2189
2192
2193
2194
2196
2201
2202
2203
2204
2205
2209
2210
2211
2212
2213
2214
2216
2217
2220
2221
2223
2224
2225
2226
2229
2231
2232
2233
2234
2235
2236
2237
2239
2240
2241
2243
2244
2245
2246
2247
2249
2251
2252
2253
2254
2255
2258
2259
2260
2261
2262
2263
2266
2267
2268
2270
2273
2274
2277
2278
2279
2280
2281
2284
2288
2289
2290
2292
2294
2298
2300
2301
2304
2305
2306
2307
2309
2310
2311
2313
2317
2318
2319
2320
2321
2322
2323
2324
2327
2328
2332
2333
2335
2337
2338
2339
2340
2341
2342
2343
2344
2345
2346
2347
2350
2352
2354
2355
2356
2358
2359
2360
2361
2362
2363
2365
2366
2368
2369
2370
2372
2374
2375
2379
2381
2382
2383
2387
2388
2391
2392
2395
2399
2401
2402
2405
2406
2409
2410
2411
2412
2413
2415
2416
2417
2419
2420
2422
2423
2427
2429
2432
2433
2435
2439
2442
2444
2446
2447
2449
2450
2451
2452
2453
2454
2456
2457
2460
2461
2464
2465
2466
2467
2468
2470
2471
2474
2475
2476
2477
2479
2480
2482
2483
2484
2485
2486
2488
2489
2492
2494
2495
2498
2499
2502
2504
2506
2508
2509
2512
2513
2514
2515
2516
2517
2518
2519
2524
2525
2526
2527
2528
2529
2531
2533
2534
2538
2539
2540
2541
2542
2543
2544
2547
2548
2551
2554
2555
2557
2558
2560
2561
2562
2563
2565
2570
2571
2573
2575
2576
2581
2582
2585
2587
2589
2590
2591
2592
2593
2594
2599
2600
2601
2602
2603
2604
2605
2608
2613
2614
2615
2620
2623
2625
2626
2627
2628
2630
2632
2636
2637
2638
2642
2643
2644
2645
2647
2648
2651
2652
2654
2655
2656
2658
2659
2660
2661
2662
2663
2665
2666
2669
2670
2672
2675
2676
2677
2681
2682
2683
2687
2688
2690
2691
2693
2694
2695
2697
2699
2701
2704
2705
2706
2707
2708
2709
2711
2714
2715
2718
2719
2721
2723
2724
2725
2727
2728
2729
2730
2731
2732
2734
2736
2737
2738
2739
2740
2742
2743
2746
2747
2750
2752
2753
2754
2755
2756
2757
2760
2761
2763
2764
2765
2766
2767
2768
2770
2773
2775
2776
2778
2779
2781
2782
2783
2786
2788
2789
2791
2792
2793
2794
2795
2803
2804
2805
2808
2810
2813
2815
2818
2820
2821
2822
2823
2824
2825
2827
2829
2830
2831
2832
2833
2834
2836
2837
2838
2839
2840
2841
2842
2844
2845
2846
2847
2848
2850
2853
2856
2858
2860
2862
2863
2864
2865
2869
2870
2872
2873
2874
2875
2876
2880
2883
2884
2885
2886
2887
2888
2889
2890
2892
2894
2897
2899
2901
2903
2904
2905
2906
2909
2910
2911
2912
2914
2916
2918
2919
2921
2922
2923
2924
2926
2929
2931
2932
2933
2935
2936
2937
2938
2939
2940
2944
2945
2946
2950
2955
2956
2957
2959
2960
2962
2965
2966
2967
2968
2970
2973
2975
2978
2979
2980
2981
2984
2985
2988
2989
2992
2993
2998
2999
3003
3007
3008
3009
3010
3011
3012
3015
3016
3018
3019
3020
3024
3027
3029
3030
3031
3032
3033
3037
3040
3042
3043
3044
3045
3047
3048
3049
3052
3054
3055
3056
3057
3058
3059
3060
3061
3062
3063
3064
3065
3067
3068
3070
3073
3074
3075
3076
3079
3081
3082
3083
3087
3088
3090
3091
3092
3094
3095
3097
3098
3102
3103
3104
3106
3109
3110
3111
3113
3115
3116
3117
3121
3122
3123
3124
3126
3127
3128
3129
3130
3134
3135
3139
3140
3143
3145
3146
3148
3150
3151
3152
3153
3154
3156
3158
3159
3160
3162
3163
3167
3168
3169
3170
3172
3173
3174
3175
3178
3179
3183
3185
3186
3191
3193
3194
3195
3197
3198
3199
3201
3202
3203
3204
3205
3208
3209
3210
3211
3212
3213
3214
3217
3219
3220
3222
3224
3226
3229
3231
3236
3237
3239
3240
3241
3242
3245
3250
3252
3255
3256
3257
3258
3259
3260
3261
3264
3265
3266
3267
3269
3270
3271
3272
3273
3276
3277
3279
3280
3284
3285
3289
3290
3293
3294
3295
3296
3299
3300
3301
3302
3303
3304
3308
3310
3311
3314
3316
3318
3320
3323
3324
3325
3326
3328
3329
3331
3332
3333
3334
3335
3336
3337
3338
3340
3341
3342
3345
3346
3348
3350
3353
3354
3356
3357
3358
3359
3360
3361
3362
3365
3367
3369
3371
3374
3378
3379
3380
3381
3384
3385
3389
3390
3391
3392
3393
3395
3396
3397
3399
3400
3401
3407
3412
3415
3416
3417
3418
3419
3420
3424
3426
3427
3428
3429
3430
3433
3438
3442
3443
3444
3445
3447
3448
3449
3454
3456
3459
3463
3464
3465
3468
3470
3471
3472
3474
3475
3478
3479
3480
3481
3483
3484
3485
3486
3487
3488
3490
3495
3497
3498
3501
3503
3504
3506
3507
3508
3510
3512
3513
3514
3515
3516
3518
3519
3520
3522
3524
3526
3527
3528
3529
3531
3532
3533
3535
3536
3537
3539
3540
3541
3543
3546
3548
3551
3552
3553
3556
3557
3558
3559
3560
3561
3564
3565
3566
3568
3569
3571
3572
3574
3575
3577
3579
3580
3581
3582
3583
3584
3586
3587
3589
3590
3591
3592
3594
3596
3598
3599
3600
3601
3607
3608
3609
3611
3612
3613
3614
3617
3618
3624
3625
3626
3628
3632
3634
3636
3637
3638
3645
3646
3649
3651
3652
3653
3658
3659
3661
3662
3663
3666
3667
3668
3670
3671
3672
3673
3675
3676
3677
3678
3679
3682
3684
3685
3686
3689
3691
3692
3693
3694
3695
3696
3697
3699
3702
3704
3706
3707
3708
3709
3711
3712
3715
3718
3719
3722
3724
3728
3729
3730
3731
3733
3735
3737
3738
3739
3740
3742
3744
3746
3747
3748
3749
3752
3753
3754
3755
3756
3759
3760
3761
3762
3764
3766
3767
3768
3771
3772
3773
3775
3776
3777
3783
3784
3785
3786
3788
3791
3792
3793
3798
3803
3804
3805
3806
3808
3809
3811
3812
3814
3815
3816
3821
3826
3827
3828
3829
3832
3833
3834
3835
3836
3838
3840
3842
3843
3846
3847
3848
3849
3850
3851
3852
3853
3854
3856
3857
3862
3864
3866
3867
3869
3871
3872
3873
3874
3876
3877
3878
3880
3881
3882
3884
3887
3888
3890
3891
3892
3898
3901
3907
3908
3909
3910
3911
3912
3915
3916
3917
3918
3920
3928
3929
3930
3932
3933
3935
3936
3937
3938
3939
3940
3944
3945
3946
3949
3951
3954
3957
3958
3959
3962
3965
3966
3967
3969
3970
3971
3972
3974
3976
3977
3978
3979
3983
3984
3985
3986
3987
3988
3989
3991
3994
3995
3996
3999
4000
4001
4002
4003
4005
4007
4008
4009
4011
4014
4018
4024
4026
4030
4031
4032
4035
4037
4038
4039
4041
4042
4044
4045
4046
4047
4049
4051
4054
4055
4058
4059
4060
4063
4064
4069
4070
4072
4073
4074
4077
4078
4079
4084
4085
4086
4089
4090
4091
4092
4093
4094
4095
4096
4098
4099
4101
4103
4105
4107
4108
4109
4112
4113
4114
4115
4116
4117
4118
4120
4122
4124
4126
4127
4131
4133
4136
4137
4139
4140
4142
4145
4146
4147
4148
4150
4151
4153
4155
4156
4157
4158
4160
4161
4162
4163
4167
4169
4173
4174
4175
4176
4179
4181
4184
4187
4189
4192
4195
4196
4197
4198
4199
4201
4203
4206
4207
4208
4211
4212
4214
4216
4217
4219
4222
4225
4227
4228
4229
4230
4232
4234
4237
4238
4239
4240
4241
4242
4243
4246
4248
4249
4250
4252
4254
4255
4256
4258
4260
4263
4265
4267
4273
4277
4279
4284
4285
4286
4287
4291
4292
4295
4298
4299
4302
4304
4306
4307
4310
4311
4313
4314
4315
4317
4318
4320
4321
4322
4323
4324
4325
4326
4328
4330
4332
4333
4335
4338
4339
4340
4342
4343
4345
4348
4349
4350
4352
4354
4355
4356
4358
4360
4363
4365
4367
4368
4370
4371
4372
4373
4374
4375
4376
4381
4382
4383
4384
4386
4388
4389
4390
4391
4392
4393
4395
4396
4399
4400
4401
4403
4404
4405
4406
4407
4408
4409
4410
4411
4413
4414
4415
4419
4420
4421
4422
4423
4425
4428
4429
4432
4433
4436
4438
4439
4440
4441
4442
4444
4445
4446
4447
4448
4450
4454
4455
4456
4457
4458
4459
4464
4465
4468
4471
4473
4477
4478
4480
4482
4483
4484
4488
4489
4492
4493
4495
4496
4498
4499
4500
4503
4504
4505
4506
4507
4510
4511
4513
4514
4516
4517
4518
4520
4521
4522
4525
4526
4527
4528
4532
4534
4535
4536
4537
4538
4540
4541
4542
4543
4544
4545
4546
4547
4548
4553
4554
4557
4559
4560
4561
4562
4564
4565
4566
4568
4569
4570
4571
4572
4573
4576
4577
4578
4580
4581
4585
4586
4588
4589
4590
4592
4593
4594
4596
4597
4599
4602
4604
4605
4606
4608
4609
4611
4612
4619
4621
4622
4623
4627
4628
4630
4631
4632
4633
4634
4635
4637
4638
4641
4642
4643
4645
4646
4647
4648
4649
4650
4651
4656
4659
4660
4661
4664
4665
4666
4668
4669
4670
4671
4672
4673
4674
4677
4678
4679
4680
4681
4682
4685
4686
4688
4689
4690
4692
4700
4701
4703
4706
4708
4709
4712
4714
4715
4717
4718
4720
4721
4722
4723
4725
4726
4727
4730
4731
4733
4735
4739
4740
4741
4742
4744
4746
4748
4751
4753
4754
4755
4756
4757
4758
4760
4761
4762
4763
4765
4766
4767
4768
4769
4770
4771
4772
4773
4775
4776
4777
4778
4779
4780
4781
4783
4784
4785
4786
4788
4789
4790
4792
4794
4795
4798
4800
4801
4802
4804
4805
4806
4807
4808
4810
4811
4812
4814
4815
4818
4819
4821
4822
4823
4824
4825
4826
4829
4832
4833
4836
4837
4838
4839
4840
4841
4844
4848
4849
4850
4851
4852
4856
4857
4859
4860
4861
4862
4863
4867
4868
4870
4871
4873
4874
4875
4876
4877
4879
4880
4883
4884
4886
4887
4888
4890
4891
4892
4893
4896
4899
4900
4902
4904
4905
4907
4908
4911
4912
4913
4914
4915
4916
4917
4918
4919
4921
4922
4923
4924
4925
4926
4931
4932
4934
4935
4937
4938
4939
4940
4943
4944
4945
4946
4948
4949
4951
4954
4955
4956
4959
4963
4965
4968
4972
4973
4977
4978
4979
4981
4982
4983
4986
4987
4989
4991
4994
4995
4999
5000
5003
5004
5005
5006
5007
5008
5012
5014
5015
5017
5021
5023
5024
5025
5027
5029
5030
5035
5038
5039
5040
5041
5043
5046
5048
5049
5051
5052
5053
5055
5056
5057
5058
5060
5061
5062
5063
5064
5066
5067
5070
5071
5072
5073
5076
5078
5079
5080
5081
5083
5085
5086
5088
5089
5090
5091
5092
5095
5096
5097
5098
5101
5102
5103
5104
5105
5107
5108
5111
5112
5113
5115
5116
5117
5118
5119
5120
5122
5123
5124
5129
5130
5131
5133
5134
5135
5137
5139
5140
5143
5144
5145
5146
5148
5149
5150
5151
5153
5154
5156
5157
5159
5160
5161
5164
5166
5167
5168
5171
5172
5173
5175
5176
5178
5179
5180
5181
5182
5183
5184
5187
5189
5190
5191
5192
5194
5196
5197
5199
5202
5204
5205
5206
5210
5211
5214
5215
5216
5220
5221
5222
5224
5228
5231
5232
5236
5237
5239
5241
5242
5243
5244
5245
5248
5250
5251
5252
5253
5254
5257
5258
5266
5267
5268
5269
5272
5277
5278
5279
5284
5285
5287
5289
5290
5292
5298
5299
5300
5304
5306
5307
5308
5309
5313
5314
5315
5316
5320
5322
5324
5325
5326
5327
5332
5333
5335
5340
5341
5342
5344
5345
5346
5347
5349
5350
5352
5353
5355
5356
5360
5361
5362
5363
5364
5365
5366
5367
5368
5369
5370
5371
5372
5373
5377
5378
5379
5380
5381
5382
5384
5385
5389
5391
5393
5394
5395
5396
5397
5399
5400
5401
5403
5404
5405
5406
5407
5408
5409
5413
5414
5416
5418
5419
5421
5423
5424
5428
5429
5431
5433
5434
5435
5437
5438
5439
5440
5441
5442
5443
5444
5445
5446
5447
5450
5453
5454
5455
5456
5457
5458
5459
5460
5461
5466
5468
5470
5471
5472
5473
5476
5477
5479
5480
5481
5482
5483
5485
5486
5488
5489
5490
5492
5493
5495
5497
5498
5502
5505
5506
5507
5508
5510
5511
5514
5515
5517
5519
5520
5521
5524
5525
5527
5528
5529
5530
5531
5532
5533
5535
5536
5537
5538
5539
5540
5542
5546
5548
5549
5552
5556
5557
5558
5559
5560
5561
5562
5563
5565
5567
5568
5570
5572
5573
5574
5576
5577
5580
5582
5583
5584
5585
5587
5588
5589
5592
5593
5594
5595
5596
5599
5601
5603
5604
5608
5609
5610
5613
5614
5615
5617
5619
5621
5622
5623
5625
5626
5628
5632
5633
5634
5635
5636
5637
5643
5644
5646
5647
5648
5651
5654
5655
5656
5657
5659
5663
5664
5665
5666
5669
5670
5671
5672
5673
5675
5678
5679
5680
5681
5682
5685
5686
5687
5693
5695
5696
5698
5699
5701
5704
5705
5706
5707
5709
5710
5712
5713
5714
5715
5716
5719
5723
5724
5726
5731
5732
5734
5736
5738
5739
5740
5742
5743
5744
5745
5746
5747
5748
5751
5753
5754
5757
5758
5759
5760
5761
5762
5764
5767
5768
5770
5772
5774
5776
5778
5779
5781
5782
5783
5786
5790
5791
5792
5793
5796
5798
5799
5800
5801
5804
5805
5807
5808
5809
5812
5813
5814
5816
5820
5821
5822
5823
5824
5825
5826
5827
5828
5829
5830
5835
5836
5837
5838
5839
5840
5843
5845
5847
5849
5851
5852
5853
5854
5856
5857
5858
5859
5861
5862
5863
5864
5865
5866
5869
5870
5871
5873
5875
5876
5877
5879
5880
5881
5883
5885
5886
5887
5888
5889
5891
5894
5895
5896
5901
5903
5904
5907
5908
5909
5910
5911
5912
5913
5914
5915
5916
5917
5918
5919
5920
5921
5923
5927
5928
5930
5931
5932
5933
5934
5938
5941
5942
5944
5945
5947
5948
5949
5950
5951
5952
5953
5954
5957
5959
5961
5963
5964
5965
5966
5969
5970
5971
5973
5974
5978
5979
5983
5984
5987
5988
5989
5992
5994
5996
5997
5998
6000
6001
6002
6004
6006
6007
6008
6009
6011
6014
6015
6016
6017
6024
6025
6027
6028
6030
6031
6033
6034
6036
6038
6041
6042
6045
6047
6048
6049
6050
6051
6052
6053
6054
6056
6057
6060
6061
6062
6063
6065
6066
6069
6070
6072
6074
6076
6078
6079
6080
6083
6084
6085
6086
6087
6088
6090
6091
6092
6094
6095
6096
6097
6098
6101
6104
6106
6107
6108
6110
6112
6113
6114
6117
6118
6120
6125
6128
6129
6130
6132
6134
6136
6138
6141
6144
6145
6146
6147
6149
6151
6153
6155
6157
6158
6159
6162
6164
6168
6171
6172
6176
6178
6179
6180
6184
6186
6187
6188
6189
6190
6192
6193
6194
6195
6197
6198
6199
6201
6202
6203
6208
6211
6213
6214
6216
6217
6218
6220
6222
6223
6225
6228
6229
6234
6237
6238
6240
6241
6242
6244
6245
6246
6247
6251
6252
6254
6255
6256
6258
6260
6267
6268
6270
6273
6275
6276
6277
6278
6279
6284
6287
6289
6291
6294
6296
6298
6299
6300
6301
6305
6307
6308
6311
6312
6313
6314
6316
6317
6319
6321
6322
6324
6328
6329
6330
6334
6335
6336
6337
6340
6343
6344
6345
6347
6349
6352
6354
6358
6361
6363
6364
6365
6367
6368
6370
6371
6372
6377
6379
6382
6383
6384
6385
6387
6389
6390
6391
6393
6394
6395
6396
6398
6399
6400
6401
6403
6404
6405
6408
6411
6412
6413
6414
6415
6417
6418
6420
6422
6423
6424
6426
6427
6428
6429
6431
6432
6433
6436
6439
6440
6442
6443
6444
6445
6446
6449
6450
6452
6453
6457
6458
6459
6460
6461
6462
6463
6465
6467
6468
6472
6475
6476
6480
6482
6484
6486
6488
6489
6492
6493
6495
6496
6497
6504
6506
6507
6509
6510
6512
6513
6514
6521
6522
6524
6527
6529
6533
6534
6536
6537
6538
6539
6541
6543
6544
6545
6546
6550
6552
6554
6556
6557
6560
6561
6562
6563
6565
6566
6567
6568
6569
6570
6573
6575
6576
6578
6580
6581
6582
6584
6586
6589
6591
6592
6593
6595
6596
6597
6599
6600
6601
6602
6603
6606
6607
6613
6614
6616
6617
6618
6621
6624
6625
6626
6628
6630
6631
6632
6633
6634
6635
6636
6637
6638
6639
6640
6642
6643
6644
6645
6646
6647
6648
6650
6651
6653
6657
6658
6660
6662
6663
6665
6666
6678
6681
6683
6684
6689
6691
6693
6694
6696
6698
6699
6701
6704
6705
6706
6707
6708
6709
6710
6711
6714
6719
6720
6721
6722
6723
6728
6729
6730
6731
6733
6734
6735
6736
6738
6739
6740
6742
6743
6744
6745
6747
6748
6749
6750
6751
6752
6753
6754
6755
6756
6757
6758
6759
6760
6761
6762
6763
6764
6765
6766
6767
6768
6769
6770
6773
6775
6776
6777
6781
6782
6783
6785
6786
6787
6789
6790
6793
6795
6796
6797
6798
6799
6800
6801
6802
6803
6806
6809
6811
6812
6813
6814
6818
6821
6823
6824
6825
6826
6827
6828
6829
6830
6831
6832
6833
6834
6835
6836
6839
6840
6841
6843
6844
6845
6847
6848
6849
6852
6856
6859
6863
6864
6866
6868
6869
6870
6873
6874
6878
6879
6880
6882
6886
6888
6889
6891
6893
6896
6897
6898
6901
6904
6905
6906
6908
6910
6912
6913
6914
6916
6919
6920
6921
6922
6923
6925
6927
6928
6929
6930
6932
6933
6934
6936
6937
6938
6939
6941
6942
6943
6945
6949
6950
6951
6956
6959
6963
6965
6966
6967
6969
6970
6971
6972
6975
6976
6978
6979
6980
6981
6982
6983
6984
6986
6987
6989
6990
6991
6992
6993
6994
6996
6997
6998
6999
7000
7001
7002
7003
7004
7006
7010
7012
7013
7014
7015
7016
7017
7020
7021
7022
7024
7027
7028
7029
7031
7032
7034
7036
7037
7039
7041
7045
7047
7049
7051
7052
7053
7054
7055
7057
7058
7059
7060
7066
7067
7068
7070
7071
7072
7073
7074
7075
7076
7080
7082
7083
7085
7086
7090
7092
7093
7096
7097
7098
7100
7101
7103
7104
7109
7110
7112
7114
7119
7120
7123
7124
7127
7128
7129
7130
7131
7132
7133
7135
7137
7139
7143
7145
7146
7147
7148
7150
7151
7153
7158
7159
7160
7164
7166
7167
7169
7170
7171
7173
7174
7175
7177
7178
7179
7182
7186
7187
7188
7189
7190
7192
7193
7194
7195
7196
7198
7200
7202
7205
7206
7207
7208
7210
7211
7212
7213
7217
7219
7220
7221
7222
7224
7226
7227
7229
7230
7231
7233
7234
7235
7237
7238
7239
7240
7242
7246
7248
7250
7251
7252
7257
7262
7263
7266
7269
7270
7271
7272
7273
7276
7278
7280
7281
7282
7283
7284
7285
7287
7289
7291
7292
7293
7294
7295
7296
7297
7298
7301
7304
7305
7306
7307
7308
7309
7310
7311
7312
7313
7314
7315
7316
7318
7319
7320
7322
7325
7326
7327
7328
7329
7332
7333
7338
7339
7342
7343
7344
7345
7346
7347
7348
7349
7350
7351
7352
7354
7355
7357
7360
7361
7365
7366
7367
7370
7371
7374
7375
7376
7377
7379
7380
7381
7382
7383
7384
7385
7386
7388
7390
7391
7394
7395
7396
7398
7399
7401
7403
7406
7407
7408
7409
7410
7411
7412
7413
7414
7415
7416
7419
7420
7421
7422
7423
7424
7425
7426
7431
7432
7433
7434
7436
7437
7439
7441
7442
7444
7446
7447
7448
7451
7452
7453
7456
7457
7459
7461
7462
7465
7466
7467
7468
7469
7472
7475
7476
7477
7478
7479
7480
7481
7482
7483
7484
7486
7487
7488
7492
7493
7494
7495
7497
7502
7503
7504
7507
7508
7510
7512
7513
7514
7515
7516
7517
7518
7520
7523
7524
7525
7526
7530
7532
7534
7535
7536
7538
7542
7543
7545
7546
7547
7549
7554
7555
7556
7557
7558
7560
7561
7562
7563
7564
7566
7567
7568
7569
7570
7573
7574
7577
7578
7579
7580
7582
7583
7584
7585
7588
7589
7590
7591
7592
7594
7595
7596
7599
7600
