1
3
4
5
6
9
10
12
13
16
20
22
24
25
31
34
36
38
42
43
44
46
48
49
50
53
55
58
59
61
62
64
66
67
68
69
70
71
72
73
74
75
77
80
81
82
83
84
85
87
91
92
93
94
97
102
103
105
106
107
108
112
113
117
118
119
122
123
124
125
126
127
130
131
132
133
134
135
136
139
141
142
143
144
146
147
148
149
150
152
154
158
161
164
168
169
170
171
173
174
176
177
179
182
184
185
186
187
188
191
193
198
200
201
202
204
205
207
208
209
211
212
213
216
218
222
223
227
228
229
230
233
234
235
236
238
240
241
242
244
245
246
247
249
250
251
254
255
258
259
264
265
267
269
270
273
275
276
277
278
279
280
281
282
285
287
288
289
290
292
293
294
297
298
299
301
304
305
308
309
310
311
312
314
315
317
319
321
322
323
324
325
326
327
328
330
334
335
337
338
339
341
344
346
350
353
354
356
359
361
362
363
364
365
367
368
370
371
372
375
377
379
380
381
387
389
390
393
394
395
396
397
398
403
405
408
410
411
412
414
418
420
422
424
425
426
428
429
430
431
432
435
436
438
442
443
444
446
447
448
450
454
455
456
457
458
460
461
463
464
466
467
468
469
472
473
474
476
479
481
483
484
485
486
487
488
489
490
493
495
496
497
501
504
505
506
508
512
513
516
517
519
520
521
522
529
533
534
535
536
540
543
544
546
549
550
551
553
554
555
557
562
564
565
566
568
569
571
572
576
577
578
579
581
582
585
587
588
589
590
595
596
598
599
601
606
607
609
610
611
612
613
614
617
618
619
622
623
625
626
627
629
631
633
637
640
642
644
645
648
650
652
653
654
655
656
657
659
661
664
666
668
673
674
675
678
679
680
681
682
683
686
687
689
692
695
696
697
698
700
701
702
703
704
705
706
707
708
710
711
712
714
715
716
717
718
719
720
722
725
727
728
729
730
733
734
736
737
739
740
744
746
749
750
751
754
755
756
758
760
763
764
765
767
768
770
771
774
776
778
780
782
785
787
788
789
792
794
795
801
802
803
804
806
807
809
811
814
816
817
818
820
821
823
824
827
828
830
831
832
833
834
835
836
837
838
842
843
844
845
846
847
849
850
852
855
856
857
858
859
861
863
866
868
869
870
871
874
876
877
878
879
881
883
885
886
889
891
893
896
897
898
899
901
903
904
908
909
911
916
921
922
923
925
926
928
930
931
932
934
936
938
940
941
943
945
946
948
949
950
951
952
953
956
962
963
966
968
970
974
977
978
979
980
981
983
984
986
988
990
992
993
995
996
997
998
999
1000
1001
1003
1004
1006
1007
1008
1009
1011
1012
1013
1015
1016
1018
1019
1020
1027
1029
1032
1033
1034
1035
1036
1039
1040
1041
1042
1046
1049
1051
1052
1054
1057
1061
1062
1064
1068
1069
1072
1073
1074
1075
1077
1080
1081
1083
1085
1086
1087
1088
1089
1090
1091
1093
1094
1095
1097
1098
1099
1100
1101
1104
1105
1106
1107
1108
1111
1112
1113
1114
1115
1116
1118
1121
1122
1126
1127
1128
1129
1130
1131
1133
1134
1136
1140
1142
1143
1146
1147
1148
1149
1150
1151
1153
1154
1155
1156
1158
1159
1160
1161
1162
1163
1164
1166
1168
1169
1170
1171
1172
1173
1174
1175
1177
1178
1179
1180
1181
1185
1186
1187
1188
1189
1190
1191
1192
1194
1196
1197
1198
1199
1200
1202
1204
1205
1207
1208
1209
1210
1213
1214
1215
1217
1219
1221
1222
1224
1225
1228
1229
1230
1231
1234
1237
1238
1239
1240
1241
1242
1245
1247
1248
1249
1251
1252
1253
1255
1256
1257
1258
1260
1261
1262
1265
1267
1269
1270
1272
1273
1274
1279
1280
1281
1282
1283
1284
1285
1286
1288
1289
1290
1292
1293
1295
1296
1297
1298
1299
1302
1305
1307
1309
1312
1314
1316
1317
1322
1323
1326
1329
1330
1331
1332
1333
1334
1337
1339
1340
1343
1344
1345
1346
1347
1350
1351
1354
1355
1356
1357
1358
1359
1361
1363
1370
1371
1372
1374
1375
1380
1384
1385
1386
1387
1390
1391
1392
1393
1397
1398
1399
1400
1402
1403
1405
1409
1410
1411
1415
1416
1417
1418
1419
1423
1424
1425
1428
1429
1430
1431
1432
1433
1435
1436
1437
1438
1439
1442
1444
1445
1446
1447
1448
1450
1451
1452
1456
1457
1458
1460
1461
1465
1466
1467
1469
1470
1472
1475
1476
1477
1479
1480
1481
1482
1485
1487
1489
1490
1492
1493
1496
1498
1499
1501
1502
1504
1505
1510
1511
1512
1513
1514
1515
1516
1517
1519
1520
1522
1523
1524
1525
1526
1527
1529
1530
1533
1534
1536
1538
1539
1540
1541
1542
1543
1545
1546
1548
1552
1553
1554
1556
1557
1558
1559
1561
1562
1563
1564
1565
1566
1567
1570
1571
1580
1581
1582
1585
1586
1587
1589
1591
1592
1593
1595
1598
1599
1600
1602
1603
1605
1608
1609
1612
1613
1615
1619
1620
1621
1622
1623
1624
1626
1628
1630
1631
1632
1634
1635
1636
1642
1643
1644
1645
1646
1647
1648
1649
1650
1652
1653
1655
1658
1661
1662
1664
1665
1675
1677
1678
1679
1680
1682
1684
1686
1690
1692
1693
1694
1696
1697
1698
1702
1708
1712
1716
1717
1718
1719
1723
1724
1727
1728
1730
1733
1734
1735
1737
1738
1741
1742
1747
1748
1749
1751
1752
1753
1756
1758
1760
1761
1762
1763
1764
1765
1766
1767
1769
1770
1771
1772
1773
1775
1776
1777
1778
1779
1780
1784
1785
1786
1787
1789
1790
1795
1798
1799
1800
1801
1802
1808
1810
1811
1812
1813
1815
1819
1820
1822
1825
1828
1830
1831
1833
1836
1837
1840
1843
1844
1847
1848
1849
1850
1853
1857
1859
1860
1861
1862
1863
1864
1865
1866
1868
1869
1870
1871
1872
1873
1874
1875
1876
1880
1884
1886
1888
1889
1890
1891
1893
1894
1896
1898
1900
1902
1903
1904
1905
1907
1909
1910
1911
1913
1914
1915
1916
1917
1918
1919
1920
1921
1922
1924
1925
1927
1928
1929
1930
1931
1932
1933
1934
1935
1938
1940
1944
1946
1948
1949
1950
1951
1956
1958
1959
1960
1961
1963
1965
1966
1967
1968
1971
1973
1977
1978
1981
1983
1984
1986
1987
1990
1991
1993
1994
1995
1997
1998
1999
2001
2002
2004
2006
2010
2012
2015
2017
2018
2019
2020
2021
2023
2024
2025
2027
2029
2032
2033
2034
2036
2037
2038
2039
2041
2043
2047
2048
2049
2052
2053
2054
2055
2056
2057
2059
2060
2061
2065
2066
2067
2068
2069
2071
2072
2073
2078
2081
2082
2083
2085
2088
2093
2094
2096
2097
2098
2101
2102
2103
2105
2106
2107
2108
2109
2110
2111
2112
2113
2115
2117
2121
2122
2124
2128
2129
2130
2131
2132
2133
2134
2135
2136
2139
2140
2141
2142
2143
2145
2149
2150
2151
2152
2153
2155
2157
2159
2161
2162
2163
2164
2165
2166
2167
2169
2170
2171
2172
2175
2176
2177
2178
2180
2181
2184
2185
2186
2187
2188
2191
2192
2193
2194
2197
2198
2200
2201
2203
2204
2206
2207
2209
2210
2211
2214
2216
2223
2225
2226
2228
2231
2232
2233
2234
2235
2237
2239
2241
2242
2245
2246
2248
2250
2251
2252
2253
2254
2255
2256
2257
2258
2259
2260
2261
2262
2265
2267
2268
2269
2270
2272
2273
2274
2275
2276
2277
2278
2281
2282
2284
2286
2288
2289
2290
2295
2296
2299
2300
2301
2303
2304
2305
2306
2309
2312
2315
2317
2318
2319
2322
2323
2324
2325
2329
2330
2331
2332
2333
2334
2335
2336
2338
2339
2340
2341
2342
2344
2346
2348
2349
2351
2352
2353
2355
2356
2358
2359
2360
2362
2363
2365
2367
2368
2369
2370
2371
2374
2377
2378
2379
2380
2381
2385
2387
2389
2390
2391
2393
2399
2400
2401
2402
2403
2406
2407
2408
2409
2410
2412
2413
2414
2415
2417
2420
2421
2422
2423
2424
2425
2426
2429
2430
2432
2435
2436
2437
2438
2439
2440
2441
2442
2447
2450
2451
2455
2456
2457
2458
2459
2461
2462
2464
2465
2466
2467
2469
2470
2471
2472
2474
2475
2476
2477
2480
2481
2482
2484
2487
2488
2489
2490
2491
2492
2493
2494
2495
2499
2500
2502
2503
2506
2507
2508
2509
2511
2512
2513
2515
2518
2519
2523
2524
2525
2526
2528
2529
2530
2531
2532
2533
2535
2536
2537
2540
2541
2545
2546
2547
2549
2558
2560
2561
2562
2563
2566
2567
2569
2570
2575
2578
2580
2582
2585
2587
2588
2591
2592
2594
2595
2596
2597
2602
2603
2607
2608
2610
2611
2613
2614
2616
2617
2618
2619
2620
2622
2626
2627
2628
2631
2632
2633
2636
2637
2638
2639
2640
2642
2643
2644
2649
2651
2652
2653
2654
2655
2656
2659
2661
2662
2663
2666
2667
2668
2669
2671
2673
2674
2675
2676
2677
2679
2680
2683
2684
2686
2689
2690
2691
2692
2694
2696
2697
2699
2701
2702
2703
2707
2708
2709
2711
2712
2713
2714
2715
2716
2719
2721
2722
2723
2724
2725
2726
2727
2729
2731
2732
2733
2734
2736
2738
2741
2744
2746
2747
2751
2755
2756
2758
2759
2761
2762
2763
2765
2767
2768
2769
2770
2771
2772
2774
2776
2777
2779
2780
2783
2784
2788
2791
2792
2794
2795
2797
2798
2800
2802
2803
2807
2809
2810
2812
2814
2816
2818
2819
2820
2822
2823
2824
2828
2829
2833
2834
2835
2837
2839
2840
2841
2844
2845
2848
2849
2852
2857
2858
2859
2860
2862
2863
2864
2865
2867
2872
2874
2876
2878
2880
2883
2884
2885
2889
2890
2891
2892
2893
2894
2895
2896
2899
2900
2901
2905
2906
2908
2909
2910
2911
2913
2914
2915
2916
2919
2921
2922
2925
2926
2927
2928
2929
2930
2931
2932
2933
2936
2937
2939
2940
2941
2942
2944
2945
2947
2948
2949
2950
2954
2958
2960
2961
2963
2967
2969
2970
2971
2972
2974
2975
2976
2977
2978
2981
2982
2983
2985
2986
2987
2988
2989
2990
2993
2994
2996
2998
3001
3002
3004
3005
3006
3008
3012
3013
3014
3016
3019
3020
3023
3025
3026
3027
3028
3031
3032
3035
3036
3037
3039
3040
3043
3044
3046
3048
3050
3052
3054
3056
3057
3058
3060
3061
3062
3063
3064
3065
3066
3067
3068
3070
3071
3072
3074
3077
3078
3079
3080
3081
3082
3084
3085
3086
3087
3091
3094
3097
3098
3100
3101
3103
3104
3105
3106
3107
3108
3109
3112
3113
3116
3119
3120
3122
3125
3126
3129
3131
3132
3133
3134
3136
3140
3141
3142
3148
3149
3150
3151
3152
3154
3155
3156
3157
3162
3163
3164
3166
3167
3169
3171
3172
3175
3177
3178
3179
3180
3181
3182
3185
3188
3190
3191
3192
3193
3194
3195
3196
3198
3200
3201
3205
3206
3207
3210
3214
3216
3218
3220
3221
3222
3224
3225
3228
3229
3230
3231
3232
3234
3235
3236
3238
3239
3241
3243
3244
3246
3247
3249
3250
3251
3252
3253
3254
3257
3259
3260
3263
3264
3265
3266
3268
3270
3271
3272
3275
3276
3279
3280
3281
3282
3283
3285
3286
3287
3288
3290
3293
3296
3297
3298
3299
3300
3301
3303
3304
3305
3307
3308
3309
3310
3311
3313
3314
3315
3316
3317
3319
3321
3322
3323
3325
3326
3327
3328
3330
3340
3343
3344
3345
3346
3351
3352
3354
3355
3356
3357
3358
3359
3360
3364
3365
3366
3367
3368
3370
3372
3375
3377
3378
3380
3381
3382
3383
3384
3386
3387
3388
3391
3392
3393
3395
3396
3397
3399
3400
3401
3402
3403
3404
3409
3411
3412
3413
3414
3417
3419
3423
3425
3426
3428
3429
3430
3432
3433
3437
3438
3440
3442
3443
3444
3445
3446
3448
3449
3451
3453
3454
3457
3459
3463
3464
3468
3471
3472
3475
3476
3477
3480
3484
3486
3488
3492
3493
3494
3495
3496
3497
3499
3503
3504
3505
3508
3509
3510
3512
3513
3516
3517
3518
3519
3520
3521
3523
3526
3527
3528
3529
3534
3535
3537
3538
3539
3540
3541
3542
3543
3546
3548
3550
3551
3552
3553
3554
3559
3563
3565
3567
3569
3574
3575
3576
3577
3578
3580
3583
3584
3585
3587
3588
3589
3590
3591
3592
3594
3598
3601
3602
3603
3605
3606
3608
3609
3612
3613
3615
3617
3618
3619
3623
3627
3632
3635
3636
3637
3639
3640
3643
3644
3645
3646
3648
3651
3655
3656
3658
3660
3662
3664
3666
3667
3670
3676
3677
3678
3679
3683
3684
3687
3688
3690
3691
3693
3694
3695
3697
3699
3701
3703
3704
3709
3711
3712
3714
3716
3718
3719
3720
3723
3724
3725
3728
3729
3730
3731
3733
3734
3736
3737
3739
3741
3742
3743
3746
3747
3748
3749
3750
3754
3755
3756
3757
3758
3762
3763
3764
3768
3770
3772
3773
3774
3775
3777
3778
3779
3781
3783
3784
3785
3786
3787
3791
3792
3794
3795
3796
3797
3798
3800
3801
3802
3809
3810
3812
3816
3818
3819
3821
3822
3824
3826
3830
3833
3834
3835
3836
3837
3840
3842
3843
3847
3848
3849
3850
3851
3852
3853
3854
3859
3860
3862
3863
3866
3867
3868
3869
3871
3872
3877
3878
3879
3887
3889
3890
3891
3892
3894
3897
3899
3900
3901
3904
3906
3907
3909
3910
3915
3917
3918
3924
3926
3927
3929
3930
3932
3933
3934
3935
3937
3939
3940
3941
3943
3944
3945
3947
3948
3949
3950
3952
3955
3957
3958
3959
3960
3961
3962
3964
3966
3967
3968
3969
3970
3971
3973
3974
3975
3977
3979
3985
3986
3987
3988
3989
3991
3992
3995
3996
3997
3998
3999
4000
4003
4008
4009
4010
4011
4015
4025
4026
4028
4030
4031
4032
4034
4035
4036
4038
4039
4040
4041
4045
4046
4047
4048
4049
4050
4052
4053
4055
4056
4059
4060
4061
4063
4064
4065
4066
4070
4071
4072
4073
4074
4077
4082
4083
4085
4088
4090
4091
4094
4095
4096
4098
4099
4100
4102
4103
4104
4105
4108
4111
4113
4115
4116
4117
4118
4120
4122
4124
4125
4126
4127
4128
4130
4131
4135
4138
4141
4142
4143
4144
4145
4146
4148
4149
4151
4152
4153
4154
4156
4157
4158
4160
4161
4162
4163
4165
4166
4167
4168
4169
4170
4171
4173
4179
4180
4181
4182
4183
4185
4186
4187
4188
4189
4190
4191
4192
4193
4198
4200
4201
4203
4204
4205
4208
4209
4210
4211
4216
4217
4219
4220
4222
4224
4226
4227
4228
4230
4231
4235
4236
4237
4239
4240
4241
4242
4243
4246
4249
4251
4252
4254
4255
4256
4258
4266
4267
4268
4269
4270
4271
4272
4276
4280
4281
4282
4284
4285
4287
4289
4291
4293
4294
4295
4297
4298
4299
4301
4304
4305
4306
4310
4312
4314
4317
4318
4319
4320
4321
4323
4324
4326
4330
4332
4333
4334
4336
4337
4338
4340
4342
4344
4348
4354
4355
4357
4358
4359
4360
4361
4362
4363
4366
4367
4368
4370
4372
4374
4375
4376
4377
4378
4379
4381
4383
4384
4387
4388
4389
4390
4391
4392
4394
4395
4397
4398
4400
4401
4404
4406
4408
4410
4411
4413
4414
4415
4416
4420
4421
4423
4424
4425
4426
4430
4431
4432
4433
4434
4437
4439
4440
4442
4443
4444
4447
4448
4449
4450
4451
4452
4453
4454
4455
4456
4459
4461
4463
4464
4467
4469
4470
4471
4474
4476
4478
4481
4482
4484
4486
4487
4488
4496
4497
4498
4499
4502
4504
4505
4506
4508
4509
4513
4514
4515
4518
4519
4520
4523
4525
4526
4529
4533
4537
4538
4540
4541
4542
4544
4545
4547
4549
4550
4552
4553
4554
4555
4556
4558
4560
4561
4563
4567
4569
4571
4572
4573
4574
4575
4576
4581
4582
4586
4587
4589
4591
4592
4593
4594
4596
4598
4599
4602
4603
4605
4606
4608
4609
4610
4611
4613
4616
4617
4618
4619
4620
4626
4627
4628
4629
4630
4632
4634
4636
4637
4638
4639
4644
4645
4646
4647
4648
4650
4652
4653
4655
4656
4658
4660
4661
4662
4663
4665
4666
4669
4670
4672
4674
4675
4676
4677
4678
4680
4682
4683
4688
4689
4690
4691
4692
4693
4694
4695
4696
4697
4698
4699
4701
4702
4703
4705
4706
4708
4710
4714
4715
4716
4718
4719
4720
4722
4723
4731
4734
4735
4736
4738
4739
4742
4743
4744
4745
4746
4747
4748
4754
4757
4760
4762
4763
4764
4767
4768
4769
4770
4771
4772
4773
4775
4776
4777
4781
4782
4784
4785
4788
4789
4790
4793
4795
4796
4800
4802
4803
4812
4813
4814
4815
4816
4818
4820
4823
4824
4828
4829
4830
4831
4832
4834
4835
4836
4837
4839
4840
4843
4844
4845
4847
4849
4850
4853
4856
4858
4859
4860
4861
4862
4864
4865
4866
4868
4869
4870
4871
4872
4873
4874
4875
4876
4877
4878
4879
4882
4884
4885
4886
4887
4888
4891
4892
4893
4895
4897
4898
4903
4904
4905
4906
4907
4908
4909
4913
4917
4921
4922
4923
4927
4928
4930
4932
4933
4934
4935
4936
4937
4938
4939
4942
4945
4946
4947
4948
4949
4951
4953
4955
4957
4959
4960
4961
4962
4965
4966
4967
4971
4972
4973
4975
4976
4977
4979
4980
4982
4983
4986
4988
4989
4990
4991
4992
4994
4995
4996
4997
4998
4999
5002
5004
5005
5006
5008
5009
5013
5015
5016
5018
5021
5022
5026
5027
5028
5029
5031
5036
5038
5039
5041
5042
5046
5047
5048
5049
5050
5052
5057
5058
5062
5063
5064
5065
5066
5068
5069
5070
5071
5072
5073
5075
5076
5077
5078
5079
5083
5086
5088
5089
5090
5092
5094
5096
5097
5098
5099
5100
5101
5102
5103
5106
5107
5110
5111
5112
5113
5115
5116
5117
5119
5120
5122
5124
5125
5128
5129
5130
5133
5135
5139
5140
5141
5144
5145
5146
5148
5149
5150
5156
5158
5161
5163
5165
5166
5169
5170
5171
5172
5175
5176
5177
5178
5180
5181
5182
5184
5185
5186
5187
5189
5191
5194
5196
5198
5202
5203
5207
5210
5211
5212
5213
5214
5215
5216
5218
5220
5221
5222
5223
5224
5225
5227
5229
5230
5232
5233
5234
5237
5238
5240
5243
5245
5249
5250
5253
5254
5255
5256
5257
5260
5261
5262
5264
5265
5266
5267
5268
5271
5275
5276
5277
5278
5279
5280
5281
5283
5284
5287
5288
5290
5291
5292
5293
5296
5297
5298
5299
5302
5303
5305
5307
5311
5313
5314
5315
5316
5319
5320
5323
5327
5328
5329
5330
5332
5337
5338
5339
5340
5342
5346
5347
5348
5349
5351
5352
5356
5357
5358
5360
5361
5362
5364
5366
5367
5368
5369
5371
5373
5375
5378
5379
5380
5381
5383
5384
5386
5389
5390
5391
5392
5394
5395
5396
5400
5402
5403
5404
5405
5407
5409
5410
5412
5415
5416
5417
5419
5420
5421
5422
5424
5425
5426
5427
5428
5429
5430
5431
5433
5436
5437
5438
5439
5441
5446
5448
5449
5450
5452
5453
5454
5456
5457
5458
5461
5462
5463
5465
5468
5470
5473
5474
5475
5477
5480
5481
5482
5483
5485
5488
5489
5490
5492
5493
5495
5497
5499
5501
5503
5504
5505
5507
5508
5510
5513
5514
5516
5518
5519
5520
5524
5527
5528
5529
5531
5533
5536
5537
5541
5542
5543
5544
5546
5547
5548
5549
5551
5554
5556
5557
5558
5560
5561
5562
5563
5564
5566
5567
5568
5569
5570
5571
5572
5574
5575
5576
5577
5578
5580
5581
5584
5585
5586
5587
5589
5590
5592
5594
5596
5598
5599
5601
5604
5606
5607
5610
5613
5614
5615
5616
5618
5619
5620
5621
5622
5623
5626
5627
5628
5629
5630
5632
5634
5635
5637
5638
5639
5640
5641
5642
5644
5645
5648
5651
5653
5654
5657
5658
5659
5661
5662
5663
5665
5666
5669
5671
5672
5676
5677
5679
5681
5682
5683
5684
5685
5686
5687
5688
5690
5691
5692
5693
5694
5698
5699
5701
5702
5703
5705
5706
5707
5708
5709
5710
5711
5712
5714
5715
5717
5720
5721
5722
5723
5724
5726
5727
5728
5730
5732
5735
5740
5742
5743
5744
5745
5747
5748
5749
5752
5754
5755
5758
5759
5760
5761
5763
5765
5767
5768
5769
5771
5772
5774
5778
5779
5780
5781
5783
5784
5785
5786
5787
5788
5789
5790
5791
5792
5793
5794
5796
5798
5800
5802
5803
5804
5806
5807
5808
5809
5811
5814
5815
5817
5821
5822
5823
5825
5828
5829
5830
5832
5833
5835
5837
5838
5840
5842
5843
5845
5846
5847
5850
5852
5853
5855
5857
5858
5860
5862
5864
5865
5866
5867
5870
5871
5873
5874
5877
5878
5879
5880
5881
5882
5884
5885
5888
5889
5891
5893
5895
5896
5897
5900
5901
5903
5905
5906
5907
5909
5910
5912
5914
5916
5917
5920
5921
5924
5926
5928
5929
5933
5934
5935
5937
5938
5940
5942
5943
5944
5946
5949
5950
5952
5953
5955
5956
5957
5958
5961
5962
5963
5964
5965
5966
5967
5968
5969
5972
5973
5975
5977
5978
5979
5984
5988
5989
5990
5992
5995
5997
5998
5999
6000
6001
6002
6004
6005
6007
6008
6011
6012
6013
6017
6020
6021
6023
6025
6026
6027
6029
6030
6031
6032
6033
6034
6035
6036
6040
6041
6043
6045
6046
6047
6049
6050
6051
6054
6055
6056
6057
6059
6063
6065
6066
6069
6071
6073
6074
6075
6076
6077
6080
6081
6082
6083
6084
6086
6087
6088
6089
6091
6092
6093
6094
6096
6098
6099
6100
6101
6103
6104
6106
6110
6111
6113
6114
6116
6117
6120
6121
6122
6125
6126
6127
6129
6130
6135
6136
6137
6138
6139
6141
6142
6143
6144
6146
6147
6148
6149
6150
6152
6153
6155
6156
6157
6159
6161
6162
6163
6164
6165
6166
6169
6170
6172
6174
6175
6176
6177
6178
6181
6182
6183
6184
6186
6187
6189
6193
6194
6197
6199
6201
6202
6204
6205
6207
6210
6211
6212
6213
6214
6215
6217
6219
6220
6223
6224
6228
6229
6230
6231
6232
6235
6237
6239
6240
6244
6245
6246
6248
6249
6251
6254
6255
6256
6258
6261
6263
6264
6265
6267
6271
6272
6274
6276
6277
6279
6280
6281
6282
6283
6285
6286
6289
6290
6291
6292
6293
6296
6298
6300
6302
6307
6308
6312
6314
6317
6318
6319
6320
6321
6322
6323
6324
6325
6327
6328
6330
6331
6332
6333
6334
6335
6339
6342
6343
6344
6345
6346
6348
6349
6350
6352
6354
6358
6360
6361
6362
6363
6364
6366
6370
6371
6373
6375
6377
6379
6382
6385
6386
6388
6389
6391
6392
6394
6395
6396
6398
6399
6400
6401
6402
6405
6407
6409
6412
6413
6415
6416
6418
6420
6423
6425
6428
6430
6433
6434
6435
6438
6439
6443
6444
6446
6447
6450
6451
6453
6455
6457
6459
6463
6464
6467
6468
6469
6470
6471
6473
6475
6477
6480
6481
6482
6486
6490
6491
6492
6493
6495
6496
6497
6498
6499
6500
6501
6502
6503
6504
6505
6506
6508
6510
6511
6512
6513
6515
6516
6517
6518
6519
6521
6522
6524
6526
6528
6529
6530
6531
6533
6534
6536
6537
6544
6545
6547
6549
6550
6554
6555
6556
6557
6558
6562
6565
6567
6568
6569
6570
6571
6573
6575
6577
6579
6580
6581
6583
6584
6585
6586
6588
6591
6592
6593
6594
6596
6597
6598
6600
6601
6602
6604
6605
6606
6609
6610
6611
6612
6613
6617
6623
6624
6625
6626
6628
6630
6631
6633
6635
6637
6638
6639
6640
6642
6643
6644
6646
6648
6649
6652
6654
6657
6660
6663
6664
6665
6666
6667
6668
6670
6671
6673
6675
6677
6678
6680
6684
6685
6688
6689
6691
6692
6694
6696
6697
6698
6701
6702
6704
6705
6706
6707
6708
6709
6710
6712
6713
6716
6718
6719
6722
6723
6726
6727
6731
6733
6735
6737
6738
6739
6740
6742
6743
6744
6745
6746
6748
6749
6750
6754
6755
6758
6760
6761
6762
6764
6765
6767
6768
6769
6770
6771
6772
6775
6779
6782
6783
6785
6788
6793
6794
6795
6796
6797
6798
6801
6803
6804
6805
6810
6811
6812
6813
6814
6815
6816
6818
6819
6821
6824
6826
6828
6837
6838
6839
6840
6841
6842
6843
6844
6847
6848
6849
6850
6851
6852
6853
6854
6855
6856
6857
6858
6859
6861
6869
6871
6872
6873
6875
6877
6878
6880
6883
6886
6890
6892
6894
6896
6897
6898
6899
6900
6901
6902
6904
6905
6906
6911
6914
6916
6919
6920
6922
6923
6924
6925
6926
6927
6928
6929
6930
6931
6932
6933
6935
6937
6938
6940
6941
6945
6946
6949
6950
6951
6952
6953
6954
6956
6957
6958
6959
6960
6962
6966
6967
6968
6969
6971
6973
6974
6976
6979
6980
6981
6983
6984
6985
6987
6990
6991
6992
6993
6994
6995
6996
6998
6999
7001
7002
7004
7008
7009
7010
7011
7012
7016
7017
7018
7019
7020
7021
7028
7029
7030
7032
7033
7034
7035
7037
7038
7040
7043
7044
7046
7047
7049
7051
7053
7054
7055
7056
7057
7058
7059
7061
7062
7063
7064
7065
7066
7069
7070
7072
7073
7075
7077
7078
7079
7085
7086
7087
7088
7089
7092
7093
7098
7100
7101
7102
7103
7105
7107
7108
7110
7111
7112
7113
7114
7115
7116
7117
7118
7119
7120
7121
7124
7126
7127
7128
7129
7130
7131
7133
7138
7139
7140
7144
7145
7147
7148
7149
7151
7153
7156
7157
7160
7162
7163
7164
7165
7166
7167
7168
7169
7170
7171
7172
7176
7177
7179
7181
7182
7186
7188
7189
7191
7192
7194
7195
7197
7199
7201
7202
7203
7204
7205
7206
7207
7210
7211
7213
7215
7216
7217
7220
7221
7223
7225
7226
7227
7228
7229
7231
7233
7234
7240
7242
7243
7245
7246
7247
7248
7249
7251
7253
7256
7257
7259
7260
7262
7264
7265
7267
7268
7271
7273
7274
7275
7277
7279
7282
7283
7284
7286
7288
7289
7290
7293
7294
7295
7296
7298
7299
7300
7301
7302
7304
7309
7310
7311
7312
7314
7316
7317
7318
7321
7322
7324
7328
7329
7330
7332
7333
7334
7335
7340
7344
7345
7346
7347
7349
7350
7353
7355
7357
7358
7360
7363
7365
7366
7369
7370
7371
7372
7373
7374
7375
7376
7379
7380
7381
7382
7383
7384
7386
7389
7390
7391
7394
7395
7396
7397
7398
7399
7400
7401
7405
7407
7408
7409
7411
7412
7413
7415
7418
7420
7421
7422
7423
7424
7425
7426
7427
7430
7431
7432
7433
7434
7439
7442
7443
7445
7446
7447
7448
7451
7452
7456
7457
7459
7460
7461
7462
7466
7468
7469
7473
7474
7475
7476
7477
7478
7481
7482
7483
7485
7486
7487
7489
7490
7491
7492
7493
7494
7495
7497
7498
7499
7500
7501
7506
7508
7509
7510
7511
7513
7514
7515
7516
7518
7519
7520
7525
7527
7528
7530
7532
7534
7535
7537
7539
7540
7541
7545
7546
7547
7549
7550
7551
7552
7553
7554
7557
7558
7560
7561
7562
7563
7566
7569
7572
7575
7576
7577
7579
7580
7582
7583
7588
7589
7590
7592
7593
7594
7595
7598
7600
