1
4
5
7
8
10
12
13
15
17
18
19
20
24
27
29
30
33
35
37
38
39
40
41
42
46
48
49
50
51
54
55
56
57
58
60
62
63
64
67
68
69
71
72
73
74
75
76
77
80
81
85
86
87
91
92
95
97
98
99
102
104
106
107
108
115
117
121
123
124
128
129
131
132
133
135
136
137
138
141
147
148
149
151
152
153
154
155
158
159
161
162
166
167
168
170
172
173
176
177
179
180
181
185
186
187
189
190
191
194
195
199
200
201
202
203
207
209
210
211
214
215
224
225
226
228
234
236
238
240
241
245
246
247
248
250
252
254
255
256
257
258
259
261
262
263
264
265
267
270
271
275
277
278
279
281
284
285
286
287
289
290
291
293
295
296
300
304
307
310
311
312
314
315
317
318
319
321
324
326
327
330
332
334
335
336
338
341
342
344
347
348
349
350
351
354
356
358
359
360
361
362
363
369
370
371
372
375
376
381
384
385
386
387
388
390
391
392
398
400
402
403
404
405
406
407
408
409
410
411
412
413
414
415
416
418
419
420
422
427
428
431
433
434
437
438
439
440
441
444
446
448
450
451
453
459
460
461
463
466
468
470
472
473
474
475
476
480
481
485
488
489
490
492
494
496
497
498
499
500
502
503
504
508
509
510
511
512
514
515
517
520
524
525
527
528
530
531
532
533
534
538
539
542
543
544
546
547
549
550
552
554
557
558
560
561
562
566
567
574
575
578
579
580
581
582
584
586
587
588
590
591
592
594
595
596
599
601
602
605
606
607
608
609
610
611
615
617
620
621
622
623
624
625
626
627
628
631
632
633
635
636
637
638
640
641
643
644
646
647
650
652
653
655
656
657
658
659
660
662
663
664
665
666
668
669
670
673
675
676
677
681
682
683
684
686
687
688
689
690
691
692
694
696
699
702
703
705
707
709
712
713
714
716
717
718
719
720
721
723
724
725
729
730
731
732
733
734
735
736
739
741
742
743
745
746
748
750
751
753
754
757
758
759
761
762
763
766
767
768
769
770
771
774
775
776
777
778
779
780
782
784
785
786
789
790
791
793
794
795
798
801
803
806
807
809
811
812
817
818
819
820
821
825
826
829
830
832
833
834
835
836
838
839
840
841
842
843
844
845
849
851
853
854
855
857
858
859
860
861
863
864
866
869
871
874
875
876
879
880
881
885
886
887
888
889
890
892
893
895
897
899
900
904
905
908
909
910
911
914
915
916
917
918
921
923
924
925
926
927
928
933
934
936
937
939
942
948
949
950
951
952
955
957
958
959
960
961
962
963
964
965
966
967
969
970
972
974
977
979
980
981
982
984
985
988
989
990
993
994
996
997
998
1003
1004
1006
1007
1008
1010
1011
1012
1013
1014
1015
1016
1017
1018
1020
1021
1022
1023
1026
1028
1031
1032
1034
1035
1037
1038
1039
1040
1041
1043
1044
1048
1049
1050
1052
1055
1056
1059
1060
1061
1064
1065
1068
1069
1071
1073
1074
1075
1078
1079
1080
1082
1084
1085
1087
1088
1089
1091
1092
1094
1095
1096
1098
1100
1103
1104
1105
1106
1107
1110
1111
1114
1118
1119
1124
1127
1129
1130
1133
1134
1135
1137
1139
1143
1144
1146
1147
1148
1149
1150
1154
1156
1157
1158
1161
1162
1165
1170
1171
1172
1174
1175
1176
1181
1182
1183
1184
1186
1188
1190
1191
1194
1196
1198
1201
1202
1205
1208
1209
1210
1211
1212
1213
1216
1220
1222
1223
1224
1226
1227
1228
1229
1232
1233
1234
1235
1236
1237
1240
1241
1242
1243
1246
1247
1248
1249
1251
1252
1253
1255
1260
1261
1263
1265
1266
1270
1271
1272
1274
1276
1277
1279
1280
1282
1283
1286
1287
1288
1289
1290
1291
1292
1293
1295
1296
1299
1300
1302
1303
1304
1305
1306
1307
1308
1309
1310
1312
1313
1314
1317
1320
1321
1323
1324
1325
1327
1328
1333
1335
1336
1338
1339
1343
1344
1345
1348
1350
1352
1353
1354
1357
1364
1366
1368
1370
1373
1375
1376
1377
1378
1379
1380
1383
1384
1385
1386
1387
1389
1390
1391
1392
1393
1394
1395
1399
1400
1401
1404
1406
1408
1410
1411
1412
1414
1416
1418
1419
1420
1421
1422
1423
1424
1426
1427
1429
1431
1432
1434
1435
1437
1438
1441
1443
1448
1449
1453
1455
1457
1458
1461
1462
1463
1464
1466
1467
1468
1469
1470
1473
1474
1475
1476
1477
1479
1480
1481
1483
1484
1485
1486
1488
1489
1490
1492
1493
1494
1495
1497
1498
1499
1500
1501
1502
1503
1505
1506
1508
1510
1511
1512
1515
1518
1519
1520
1521
1522
1523
1527
1528
1530
1531
1533
1534
1535
1538
1539
1540
1545
1546
1547
1548
1549
1550
1551
1552
1553
1554
1555
1557
1558
1559
1561
1564
1565
1567
1568
1569
1574
1575
1576
1577
1578
1581
1583
1586
1587
1589
1591
1592
1595
1596
1597
1598
1599
1600
1601
1602
1603
1604
1606
1607
1609
1612
1613
1614
1616
1617
1618
1619
1620
1621
1622
1623
1625
1626
1628
1631
1632
1633
1634
1636
1637
1638
1640
1641
1644
1647
1648
1649
1650
1655
1656
1657
1658
1659
1660
1661
1662
1664
1667
1668
1669
1671
1672
1676
1677
1679
1685
1686
1687
1689
1693
1695
1696
1697
1698
1699
1701
1703
1704
1706
1707
1709
1710
1713
1714
1715
1722
1723
1724
1732
1734
1735
1736
1737
1741
1743
1745
1746
1747
1748
1749
1750
1751
1753
1754
1759
1762
1764
1766
1767
1769
1771
1772
1773
1775
1776
1778
1779
1782
1783
1785
1788
1790
1791
1794
1796
1797
1798
1799
1800
1803
1805
1806
1807
1808
1810
1812
1813
1814
1816
1817
1820
1821
1823
1825
1826
1828
1830
1832
1834
1836
1837
1839
1842
1843
1846
1847
1849
1851
1853
1855
1856
1857
1858
1859
1860
1862
1863
1865
1867
1868
1869
1870
1871
1872
1873
1874
1876
1877
1878
1879
1880
1881
1882
1883
1885
1886
1888
1892
1893
1894
1895
1899
1900
1903
1904
1905
1907
1908
1909
1911
1914
1916
1918
1919
1920
1924
1925
1927
1930
1931
1933
1935
1938
1939
1943
1944
1946
1948
1951
1953
1954
1956
1957
1958
1959
1963
1964
1965
1966
1967
1968
1970
1971
1973
1975
1977
1980
1983
1989
1990
1991
1993
1996
1997
1998
1999
2000
2009
2010
2012
2013
2014
2015
2017
2018
2019
2022
2023
2025
2027
2028
2031
2032
2033
2037
2038
2039
2040
2041
2045
2046
2047
2049
2050
2052
2054
2055
2056
2059
2062
2063
2064
2065
2067
2068
2071
2072
2073
2076
2078
2080
2081
2084
2088
2089
2090
2091
2094
2095
2096
2100
2101
2103
2104
2107
2108
2110
2114
2115
2117
2121
2122
2123
2124
2125
2126
2128
2129
2130
2131
2132
2134
2140
2142
2143
2144
2145
2146
2148
2149
2150
2153
2154
2156
2157
2159
2162
2163
2165
2167
2168
2169
2170
2173
2175
2176
2178
2180
2181
2182
2184
2188
2189
2190
2192
2195
2196
2198
2201
2203
2206
2207
2212
2213
2214
2216
2218
2219
2220
2221
2222
2223
2226
2227
2228
2229
2230
2231
2232
2233
2234
2235
2236
2237
2241
2242
2244
2246
2250
2251
2252
2254
2257
2258
2260
2261
2263
2264
2265
2266
2267
2269
2271
2275
2277
2280
2281
2282
2283
2285
2286
2287
2288
2290
2292
2293
2296
2298
2299
2300
2301
2302
2303
2304
2306
2308
2310
2311
2314
2315
2316
2318
2319
2322
2324
2326
2327
2328
2329
2330
2331
2332
2333
2335
2337
2338
2339
2341
2342
2343
2346
2347
2348
2349
2351
2353
2357
2358
2361
2362
2363
2364
2365
2369
2370
2372
2374
2375
2379
2382
2384
2385
2386
2388
2392
2394
2397
2398
2399
2400
2403
2406
2408
2410
2412
2413
2414
2415
2416
2417
2419
2420
2423
2426
2427
2431
2432
2433
2435
2436
2437
2439
2440
2441
2442
2443
2444
2446
2447
2448
2450
2451
2452
2455
2456
2457
2458
2459
2460
2461
2463
2464
2466
2467
2469
2471
2472
2473
2475
2477
2478
2479
2481
2484
2488
2491
2492
2493
2496
2497
2499
2500
2501
2503
2505
2506
2512
2513
2514
2515
2516
2517
2518
2520
2521
2522
2524
2525
2527
2528
2529
2530
2536
2539
2541
2542
2543
2544
2545
2546
2547
2548
2550
2551
2552
2554
2556
2557
2559
2561
2562
2563
2564
2566
2569
2571
2572
2573
2574
2578
2580
2582
2583
2585
2587
2588
2592
2593
2595
2596
2600
2602
2603
2604
2605
2607
2608
2609
2610
2611
2612
2613
2615
2616
2617
2621
2622
2623
2624
2625
2626
2627
2630
2634
2637
2638
2640
2641
2642
2645
2647
2648
2650
2651
2652
2655
2656
2657
2660
2662
2663
2664
2665
2666
2668
2670
2671
2672
2673
2676
2677
2680
2681
2683
2684
2685
2687
2689
2690
2692
2695
2696
2699
2702
2703
2704
2706
2707
2709
2710
2711
2712
2713
2714
2720
2723
2724
2725
2727
2728
2729
2732
2733
2734
2735
2737
2738
2739
2740
2742
2744
2747
2748
2750
2752
2753
2754
2755
2757
2758
2760
2761
2763
2765
2766
2767
2769
2770
2771
2774
2776
2777
2780
2781
2783
2784
2785
2786
2787
2788
2790
2791
2792
2793
2794
2795
2796
2800
2804
2805
2806
2807
2809
2810
2811
2812
2813
2814
2816
2817
2818
2820
2821
2822
2823
2825
2828
2829
2831
2832
2833
2835
2837
2839
2841
2842
2843
2848
2851
2853
2855
2856
2860
2861
2863
2866
2867
2869
2871
2872
2873
2874
2877
2878
2880
2881
2882
2885
2887
2888
2889
2891
2892
2893
2894
2895
2896
2899
2900
2901
2903
2904
2909
2910
2911
2912
2913
2915
2916
2917
2918
2919
2921
2925
2929
2931
2932
2934
2935
2937
2940
2941
2942
2943
2944
2946
2948
2949
2950
2953
2954
2955
2960
2961
2962
2966
2969
2970
2972
2973
2974
2975
2977
2978
2979
2980
2981
2982
2983
2985
2986
2987
2989
2992
2993
2996
2998
2999
3001
3003
3005
3006
3010
3011
3013
3015
3018
3019
3022
3024
3025
3027
3028
3029
3030
3035
3036
3041
3043
3044
3045
3046
3047
3048
3050
3051
3057
3058
3062
3063
3064
3065
3070
3071
3072
3075
3076
3077
3078
3079
3083
3084
3085
3089
3090
3091
3092
3095
3096
3097
3099
3101
3103
3104
3106
3107
3108
3109
3112
3113
3114
3115
3116
3119
3120
3121
3124
3125
3127
3128
3130
3133
3135
3138
3139
3141
3144
3147
3148
3151
3153
3154
3155
3156
3158
3160
3161
3162
3164
3165
3166
3167
3168
3169
3172
3173
3174
3179
3180
3182
3183
3184
3186
3187
3192
3195
3196
3197
3198
3199
3200
3202
3204
3205
3206
3208
3209
3212
3213
3214
3215
3217
3219
3220
3222
3223
3224
3226
3227
3230
3232
3234
3235
3238
3241
3242
3244
3246
3247
3249
3250
3252
3255
3256
3257
3258
3259
3260
3262
3263
3265
3267
3268
3270
3271
3273
3274
3275
3278
3279
3283
3285
3286
3287
3288
3289
3291
3292
3295
3296
3297
3298
3299
3300
3301
3302
3303
3304
3306
3308
3309
3312
3316
3317
3318
3319
3321
3322
3323
3324
3325
3328
3329
3331
3334
3335
3337
3338
3339
3341
3342
3343
3344
3345
3347
3349
3350
3351
3353
3355
3356
3357
3358
3359
3361
3362
3363
3364
3365
3369
3372
3376
3378
3379
3381
3382
3383
3385
3388
3389
3392
3393
3403
3405
3406
3408
3409
3417
3420
3424
3427
3428
3429
3430
3431
3432
3434
3435
3436
3437
3438
3439
3440
3441
3444
3447
3448
3452
3455
3456
3459
3461
3462
3465
3469
3471
3472
3473
3474
3475
3476
3477
3481
3482
3484
3486
3489
3493
3495
3498
3500
3501
3504
3505
3506
3510
3512
3513
3514
3515
3517
3518
3519
3520
3522
3523
3524
3525
3527
3528
3531
3532
3534
3536
3539
3541
3543
3545
3546
3547
3548
3549
3550
3551
3552
3555
3560
3562
3563
3564
3567
3573
3574
3576
3577
3578
3579
3580
3583
3584
3586
3590
3592
3593
3597
3598
3599
3601
3602
3603
3604
3606
3607
3608
3609
3610
3611
3612
3613
3614
3615
3616
3618
3619
3620
3621
3622
3624
3631
3632
3634
3638
3639
3643
3644
3646
3647
3648
3649
3650
3651
3654
3655
3656
3657
3658
3659
3660
3662
3666
3667
3668
3669
3673
3674
3679
3680
3681
3682
3683
3686
3687
3688
3693
3694
3696
3697
3698
3699
3700
3702
3703
3705
3707
3708
3710
3712
3717
3718
3720
3721
3723
3724
3727
3731
3732
3734
3735
3737
3738
3739
3740
3742
3744
3745
3747
3748
3751
3752
3753
3756
3757
3760
3761
3762
3764
3765
3767
3769
3770
3771
3772
3773
3774
3775
3776
3777
3778
3779
3780
3783
3785
3786
3788
3789
3791
3793
3794
3795
3796
3797
3798
3799
3800
3802
3803
3805
3810
3811
3813
3814
3815
3820
3823
3826
3827
3828
3829
3830
3831
3833
3835
3836
3840
3841
3846
3847
3850
3851
3852
3855
3856
3859
3860
3863
3864
3865
3866
3868
3870
3871
3872
3873
3875
3877
3879
3880
3881
3882
3884
3886
3887
3889
3891
3892
3893
3894
3895
3896
3897
3898
3900
3901
3902
3903
3904
3905
3906
3909
3910
3911
3913
3914
3915
3917
3919
3921
3923
3925
3926
3927
3928
3929
3930
3932
3935
3937
3940
3941
3942
3943
3944
3945
3947
3953
3955
3957
3958
3960
3961
3964
3966
3967
3969
3970
3971
3972
3975
3977
3980
3982
3984
3986
3987
3989
3990
3992
3993
3994
3995
3997
3998
4001
4002
4003
4004
4005
4006
4008
4010
4011
4012
4013
4014
4015
4016
4017
4018
4019
4020
4021
4022
4025
4026
4028
4030
4032
4033
4034
4038
4039
4043
4044
4045
4048
4050
4051
4056
4057
4058
4059
4061
4064
4065
4067
4068
4070
4071
4072
4073
4076
4077
4078
4081
4083
4086
4087
4088
4089
4091
4092
4093
4094
4095
4097
4098
4099
4101
4104
4106
4110
4111
4113
4118
4120
4121
4124
4126
4127
4128
4129
4130
4131
4133
4134
4135
4136
4137
4139
4141
4145
4146
4147
4148
4149
4150
4151
4152
4155
4156
4158
4159
4163
4165
4167
4169
4170
4171
4173
4174
4175
4176
4179
4180
4182
4184
4185
4191
4193
4194
4195
4196
4197
4198
4199
4201
4202
4203
4207
4208
4211
4214
4216
4217
4218
4219
4220
4221
4222
4225
4227
4228
4229
4230
4231
4234
4235
4238
4239
4240
4241
4247
4249
4250
4252
4253
4254
4255
4256
4258
4262
4264
4265
4271
4272
4273
4275
4276
4277
4279
4280
4284
4285
4286
4288
4289
4291
4292
4293
4297
4298
4299
4300
4301
4302
4304
4307
4308
4309
4310
4311
4312
4313
4314
4315
4316
4317
4318
4323
4324
4325
4326
4327
4328
4329
4330
4335
4339
4340
4341
4342
4344
4345
4346
4347
4349
4351
4355
4356
4360
4361
4366
4370
4372
4373
4374
4375
4376
4377
4379
4380
4381
4383
4385
4386
4387
4389
4391
4392
4394
4395
4396
4397
4398
4399
4401
4402
4403
4404
4405
4406
4407
4408
4410
4412
4416
4417
4418
4419
4420
4421
4422
4424
4425
4427
4428
4430
4432
4433
4434
4436
4438
4439
4442
4443
4445
4446
4447
4448
4449
4450
4452
4454
4455
4456
4457
4460
4461
4463
4464
4465
4468
4469
4470
4472
4474
4477
4478
4480
4481
4483
4485
4486
4490
4493
4494
4495
4498
4499
4502
4504
4507
4511
4512
4515
4516
4517
4520
4521
4522
4523
4524
4526
4527
4529
4532
4533
4534
4537
4538
4539
4540
4541
4543
4544
4546
4549
4550
4551
4553
4555
4556
4557
4565
4566
4568
4569
4572
4573
4575
4576
4577
4581
4582
4584
4585
4586
4588
4590
4591
4593
4594
4596
4598
4600
4603
4604
4606
4607
4608
4609
4611
4614
4615
4616
4617
4618
4619
4621
4623
4624
4625
4627
4628
4629
4633
4634
4636
4637
4638
4639
4641
4642
4643
4644
4646
4648
4649
4653
4655
4656
4657
4658
4659
4660
4661
4663
4664
4665
4668
4671
4673
4677
4678
4679
4683
4684
4685
4686
4687
4688
4690
4691
4693
4694
4696
4700
4701
4703
4705
4707
4709
4714
4715
4716
4721
4723
4724
4726
4727
4729
4733
4734
4738
4740
4742
4746
4748
4749
4750
4752
4754
4755
4757
4759
4760
4761
4762
4768
4769
4770
4771
4772
4773
4777
4778
4779
4780
4782
4784
4785
4786
4787
4788
4792
4795
4797
4799
4802
4803
4804
4805
4806
4807
4808
4811
4813
4815
4817
4818
4819
4824
4825
4826
4827
4828
4829
4830
4837
4840
4845
4846
4848
4851
4854
4855
4857
4858
4859
4861
4862
4863
4864
4865
4866
4870
4873
4874
4875
4876
4877
4878
4879
4881
4882
4883
4884
4887
4888
4891
4892
4894
4895
4897
4898
4899
4900
4901
4906
4908
4910
4911
4912
4914
4915
4917
4921
4922
4923
4924
4928
4929
4930
4931
4932
4933
4936
4937
4938
4939
4940
4943
4944
4946
4947
4948
4949
4951
4954
4955
4956
4958
4960
4961
4963
4964
4965
4966
4971
4972
4974
4976
4979
4983
4984
4985
4986
4987
4988
4989
4991
4993
4996
4997
4998
5002
5003
5005
5007
5010
5012
5013
5014
5015
5016
5017
5018
5020
5021
5022
5025
5027
5028
5029
5030
5031
5032
5033
5035
5036
5037
5038
5039
5040
5041
5042
5043
5044
5045
5046
5047
5049
5050
5052
5053
5054
5056
5057
5058
5059
5060
5061
5063
5064
5066
5067
5068
5069
5070
5071
5072
5073
5075
5076
5077
5079
5080
5082
5083
5084
5085
5088
5090
5091
5092
5094
5096
5097
5098
5102
5105
5106
5107
5108
5109
5110
5112
5114
5115
5117
5118
5119
5120
5121
5122
5123
5124
5126
5127
5128
5130
5131
5132
5134
5136
5137
5140
5141
5144
5146
5148
5151
5152
5153
5154
5155
5157
5158
5159
5160
5161
5162
5163
5168
5170
5176
5177
5178
5179
5180
5184
5185
5187
5188
5189
5190
5191
5193
5195
5196
5197
5198
5199
5200
5202
5204
5205
5208
5210
5211
5212
5213
5214
5217
5218
5220
5221
5224
5225
5226
5227
5231
5233
5234
5235
5236
5237
5238
5239
5240
5242
5244
5245
5246
5247
5248
5253
5255
5258
5262
5264
5265
5266
5268
5269
5270
5274
5276
5277
5278
5280
5281
5282
5283
5284
5285
5286
5287
5288
5289
5293
5294
5295
5297
5298
5299
5300
5301
5302
5304
5305
5307
5308
5309
5310
5312
5313
5314
5315
5317
5318
5319
5320
5321
5324
5325
5326
5328
5329
5330
5332
5339
5340
5341
5342
5346
5348
5351
5354
5355
5356
5357
5358
5359
5360
5361
5363
5364
5365
5366
5367
5369
5370
5371
5375
5376
5377
5378
5379
5382
5383
5384
5385
5388
5393
5395
5397
5398
5399
5400
5401
5403
5405
5406
5407
5408
5409
5411
5413
5414
5415
5417
5418
5420
5422
5424
5426
5427
5428
5429
5430
5434
5437
5438
5439
5445
5447
5448
5449
5451
5452
5453
5454
5457
5459
5466
5467
5468
5469
5471
5472
5473
5474
5475
5477
5478
5480
5481
5482
5484
5485
5487
5489
5492
5494
5495
5501
5502
5503
5507
5508
5511
5513
5514
5515
5517
5518
5519
5521
5522
5524
5525
5526
5528
5529
5531
5532
5533
5534
5535
5537
5539
5540
5543
5544
5545
5550
5554
5555
5557
5558
5560
5561
5563
5569
5570
5572
5573
5574
5576
5579
5581
5583
5584
5585
5587
5590
5591
5592
5594
5596
5598
5601
5602
5603
5607
5608
5609
5611
5613
5614
5615
5616
5618
5619
5620
5621
5623
5624
5626
5628
5631
5632
5633
5634
5635
5637
5641
5642
5645
5646
5647
5649
5650
5651
5653
5654
5655
5658
5659
5660
5661
5662
5665
5666
5668
5669
5670
5671
5674
5676
5678
5681
5683
5684
5685
5686
5688
5689
5690
5693
5695
5701
5706
5707
5709
5710
5711
5712
5714
5715
5716
5718
5721
5723
5724
5725
5726
5727
5728
5729
5730
5731
5732
5733
5734
5736
5737
5738
5739
5741
5744
5746
5747
5749
5750
5751
5753
5755
5756
5758
5761
5762
5763
5764
5769
5770
5771
5772
5774
5775
5777
5778
5779
5783
5784
5785
5789
5790
5791
5792
5795
5796
5798
5799
5800
5801
5802
5806
5808
5812
5815
5817
5818
5819
5820
5821
5822
5824
5825
5826
5827
5828
5830
5831
5833
5835
5837
5838
5839
5840
5844
5846
5847
5848
5852
5853
5855
5856
5858
5859
5861
5862
5864
5865
5866
5867
5870
5872
5874
5875
5877
5879
5880
5885
5886
5887
5888
5889
5891
5893
5894
5895
5896
5897
5899
5901
5902
5905
5907
5910
5913
5917
5919
5920
5925
5927
5928
5929
5932
5936
5941
5948
5949
5952
5954
5955
5956
5957
5958
5959
5961
5963
5964
5966
5967
5968
5969
5970
5971
5972
5973
5975
5977
5980
5981
5983
5984
5985
5986
5987
5990
5996
5999
6000
6001
6011
6012
6013
6014
6015
6016
6017
6018
6019
6022
6025
6027
6028
6029
6030
6032
6033
6034
6035
6036
6038
6040
6043
6045
6047
6048
6049
6050
6052
6053
6054
6055
6056
6057
6059
6062
6066
6067
6068
6070
6071
6073
6075
6079
6081
6082
6085
6087
6088
6089
6090
6091
6092
6093
6098
6099
6100
6101
6102
6103
6105
6106
6107
6111
6112
6115
6118
6119
6122
6123
6124
6125
6126
6127
6129
6131
6132
6133
6134
6136
6137
6139
6142
6143
6145
6147
6149
6150
6152
6153
6155
6156
6157
6160
6161
6162
6163
6164
6169
6170
6171
6173
6174
6176
6178
6181
6184
6185
6186
6187
6188
6191
6192
6193
6196
6197
6198
6199
6200
6201
6202
6203
6204
6206
6207
6210
6212
6213
6214
6220
6222
6223
6224
6225
6226
6228
6231
6234
6235
6237
6240
6241
6243
6245
6246
6248
6250
6251
6252
6254
6257
6258
6260
6261
6262
6264
6267
6268
6270
6271
6274
6275
6277
6279
6283
6285
6286
6287
6289
6291
6293
6299
6300
6302
6303
6305
6306
6308
6309
6315
6316
6317
6319
6320
6321
6322
6324
6328
6330
6331
6332
6334
6338
6339
6340
6341
6342
6343
6345
6346
6351
6355
6356
6357
6358
6359
6361
6362
6363
6364
6366
6367
6369
6370
6371
6372
6375
6376
6377
6378
6379
6380
6382
6385
6388
6391
6393
6394
6395
6396
6400
6402
6405
6406
6407
6408
6409
6411
6412
6413
6415
6416
6418
6419
6420
6421
6422
6423
6424
6425
6426
6427
6430
6431
6432
6434
6435
6437
6438
6439
6440
6441
6443
6444
6446
6447
6448
6449
6453
6454
6457
6458
6459
6460
6462
6464
6466
6467
6468
6469
6471
6472
6473
6474
6481
6483
6484
6485
6486
6487
6488
6489
6491
6492
6493
6494
6496
6497
6499
6505
6506
6509
6511
6512
6513
6514
6515
6516
6519
6520
6521
6522
6523
6525
6526
6527
6528
6529
6530
6531
6534
6535
6536
6537
6539
6542
6543
6544
6545
6546
6547
6549
6550
6552
6553
6555
6556
6557
6559
6562
6563
6564
6566
6570
6571
6573
6575
6576
6578
6580
6583
6585
6586
6589
6593
6595
6596
6597
6598
6601
6604
6605
6610
6612
6613
6614
6617
6618
6619
6620
6622
6623
6624
6626
6628
6630
6631
6632
6633
6634
6636
6637
6643
6646
6647
6648
6654
6655
6657
6659
6660
6661
6662
6663
6664
6665
6666
6671
6672
6673
6675
6676
6677
6678
6679
6681
6682
6683
6686
6689
6690
6692
6693
6694
6695
6700
6701
6702
6703
6706
6708
6710
6711
6713
6714
6716
6717
6718
6719
6723
6726
6727
6728
6730
6732
6733
6734
6735
6737
6739
6740
6741
6746
6747
6752
6754
6755
6756
6757
6759
6761
6762
6763
6765
6766
6767
6770
6772
6773
6774
6775
6777
6778
6783
6785
6786
6789
6792
6793
6794
6796
6797
6799
6800
6801
6802
6803
6804
6805
6806
6808
6813
6814
6815
6818
6819
6821
6823
6824
6826
6828
6829
6830
6831
6836
6839
6840
6841
6843
6845
6846
6847
6849
6850
6853
6855
6856
6857
6861
6865
6866
6868
6869
6870
6871
6872
6873
6875
6877
6880
6881
6882
6883
6885
6886
6887
6889
6890
6892
6893
6894
6895
6896
6897
6899
6901
6902
6905
6906
6907
6909
6910
6914
6915
6916
6917
6918
6919
6920
6921
6923
6924
6925
6926
6927
6929
6930
6933
6934
6935
6937
6939
6940
6941
6942
6943
6945
6946
6947
6948
6949
6950
6951
6952
6953
6954
6955
6957
6958
6959
6960
6962
6963
6966
6969
6970
6971
6972
6976
6978
6979
6981
6982
6984
6985
6986
6987
6988
6989
6990
6991
6992
6993
6994
6996
6997
6999
7001
7003
7004
7005
7006
7007
7008
7010
7011
7013
7014
7015
7016
7017
7019
7020
7023
7025
7027
7031
7032
7035
7036
7037
7039
7040
7044
7045
7046
7047
7048
7052
7054
7055
7057
7058
7059
7062
7065
7066
7067
7068
7070
7072
7073
7074
7075
7078
7079
7081
7082
7084
7088
7090
7091
7094
7095
7096
7098
7099
7100
7101
7103
7104
7106
7108
7111
7113
7114
7116
7117
7118
7121
7123
7124
7125
7126
7128
7131
7132
7134
7135
7136
7137
7138
7139
7141
7142
7143
7144
7145
7146
7148
7149
7151
7152
7153
7157
7158
7159
7160
7163
7165
7166
7168
7169
7171
7173
7176
7177
7178
7180
7181
7183
7185
7189
7190
7192
7197
7202
7203
7205
7207
7208
7209
7210
7211
7212
7213
7214
7215
7216
7217
7218
7221
7224
7225
7226
7227
7228
7229
7230
7233
7234
7236
7238
7239
7240
7241
7243
7244
7245
7247
7254
7255
7256
7257
7259
7261
7262
7263
7264
7265
7268
7270
7274
7275
7277
7279
7281
7282
7287
7289
7290
7294
7295
7296
7297
7298
7301
7302
7303
7304
7305
7306
7307
7308
7311
7312
7314
7316
7317
7318
7319
7321
7322
7323
7324
7326
7327
7329
7330
7331
7333
7336
7339
7340
7344
7345
7346
7347
7348
7350
7352
7354
7358
7359
7360
7361
7362
7363
7364
7365
7366
7367
7368
7369
7370
7371
7374
7376
7378
7379
7380
7381
7382
7383
7384
7385
7388
7389
7392
7393
7394
7395
7398
7400
7401
7402
7403
7404
7405
7408
7409
7410
7411
7413
7415
7416
7418
7419
7423
7424
7425
7429
7430
7431
7432
7434
7435
7437
7438
7441
7442
7445
7447
7451
7454
7458
7460
7461
7464
7465
7466
7467
7468
7469
7470
7471
7473
7476
7477
7479
7481
7483
7484
7486
7487
7489
7490
7491
7497
7498
7499
7500
7502
7503
7505
7506
7507
7509
7510
7511
7512
7513
7514
7515
7516
7517
7519
7520
7522
7523
7524
7526
7527
7529
7531
7532
7533
7535
7536
7537
7539
7540
7541
7543
7545
7546
7548
7550
7551
7553
7554
7557
7558
7560
7561
7562
7563
7565
7566
7567
7569
7570
7572
7574
7575
7576
7577
7579
7581
7583
7588
7589
7590
7591
7592
7595
7599
7600
