1
7
9
12
13
17
18
19
20
21
25
26
27
28
30
31
34
35
36
38
39
42
44
45
47
49
51
53
55
56
58
59
60
64
65
66
67
71
73
74
75
77
79
82
83
85
87
91
92
93
94
95
98
101
102
104
105
107
110
111
113
114
115
116
118
119
120
121
122
123
126
127
129
131
132
134
135
139
140
141
142
146
147
149
151
152
154
155
156
159
160
161
163
164
166
167
171
172
174
175
176
180
181
182
184
185
189
190
192
193
195
196
199
203
206
208
209
210
211
212
213
219
221
224
226
228
229
230
231
238
239
242
244
247
248
251
252
254
255
258
259
260
261
263
264
265
266
268
270
271
272
274
276
277
278
282
283
288
290
291
292
294
296
297
300
301
302
303
304
306
307
308
310
313
315
319
320
324
325
326
328
330
331
332
334
335
337
338
339
341
342
344
346
349
350
351
352
353
354
355
357
358
359
360
361
363
364
365
366
368
371
372
374
375
377
378
379
380
381
382
387
389
390
391
393
395
398
400
401
407
408
411
413
415
418
419
423
424
425
426
428
429
431
432
433
434
438
441
443
444
445
446
448
450
451
452
453
454
455
456
458
460
462
463
464
466
467
468
470
473
474
478
480
481
483
484
485
486
487
488
492
494
496
497
498
499
500
504
507
510
511
512
514
515
516
517
518
520
526
527
529
530
531
532
534
536
537
539
540
543
545
546
547
549
550
551
552
555
556
557
559
560
561
562
563
564
565
566
568
569
570
573
574
575
576
577
578
581
583
584
585
586
587
590
591
592
593
595
596
597
598
599
600
602
604
605
607
608
613
615
616
617
618
620
621
622
626
627
628
630
631
632
633
634
635
638
642
643
645
647
648
651
655
659
661
662
663
664
665
668
670
671
673
676
677
678
680
681
682
683
684
685
686
687
688
689
692
693
695
698
699
700
701
703
704
705
706
708
709
712
714
717
718
719
722
724
725
726
727
732
734
737
738
739
741
743
745
747
748
749
750
751
752
754
756
759
760
761
763
764
765
766
768
770
771
772
773
774
775
777
778
779
781
783
784
788
789
790
791
793
794
796
798
802
803
804
805
809
810
811
813
815
816
817
819
820
823
824
826
830
831
832
833
834
836
837
839
841
842
847
848
850
853
854
856
860
861
863
865
866
868
870
871
872
873
875
879
882
883
884
885
888
891
892
897
898
900
901
902
903
904
907
908
910
911
912
913
914
916
917
918
919
920
921
922
925
926
929
931
933
934
937
938
940
941
942
944
946
947
948
949
952
953
955
956
958
959
960
961
962
963
967
968
969
971
973
976
977
978
980
981
982
983
985
987
990
991
992
993
995
996
997
998
999
1001
1003
1004
1005
1007
1009
1017
1018
1019
1025
1028
1030
1031
1032
1033
1034
1036
1038
1040
1041
1042
1044
1046
1047
1051
1054
1055
1057
1058
1061
1062
1063
1064
1065
1066
1067
1071
1072
1073
1074
1076
1077
1078
1081
1085
1087
1090
1091
1095
1098
1103
1105
1106
1107
1109
1110
1111
1112
1114
1115
1116
1117
1120
1122
1124
1125
1127
1128
1131
1134
1137
1138
1139
1140
1143
1150
1151
1157
1158
1164
1165
1169
1170
1172
1173
1174
1175
1176
1179
1180
1184
1185
1188
1189
1190
1191
1194
1195
1197
1198
1199
1200
1202
1203
1204
1205
1208
1209
1210
1211
1212
1215
1219
1220
1222
1223
1228
1229
1230
1231
1235
1236
1238
1239
1241
1243
1248
1249
1252
1253
1254
1256
1257
1261
1263
1265
1266
1270
1271
1272
1274
1275
1277
1278
1279
1280
1281
1282
1283
1284
1287
1288
1289
1290
1292
1293
1294
1300
1302
1304
1307
1308
1310
1311
1312
1313
1315
1316
1318
1319
1320
1321
1323
1324
1325
1326
1328
1330
1331
1332
1335
1338
1340
1341
1342
1343
1344
1345
1346
1348
1349
1350
1352
1356
1358
1359
1360
1361
1363
1369
1370
1372
1375
1377
1378
1379
1380
1381
1382
1383
1384
1386
1387
1388
1389
1390
1392
1393
1395
1396
1401
1402
1403
1404
1408
1409
1410
1411
1412
1413
1414
1415
1416
1417
1422
1423
1425
1426
1429
1430
1431
1433
1435
1436
1439
1440
1445
1448
1449
1452
1453
1454
1455
1457
1458
1459
1460
1461
1462
1463
1464
1468
1469
1473
1474
1475
1476
1477
1479
1481
1482
1483
1486
1490
1491
1492
1494
1495
1496
1497
1498
1499
1500
1503
1504
1505
1506
1511
1512
1513
1514
1515
1516
1517
1519
1520
1523
1524
1525
1526
1527
1530
1531
1534
1535
1536
1537
1538
1541
1542
1543
1545
1547
1550
1551
1555
1556
1557
1558
1559
1560
1561
1562
1563
1564
1565
1566
1567
1568
1574
1575
1577
1578
1579
1580
1581
1582
1584
1585
1590
1591
1592
1593
1595
1597
1598
1599
1601
1602
1605
1606
1609
1610
1611
1613
1614
1615
1616
1617
1619
1620
1622
1623
1624
1627
1629
1630
1631
1634
1639
1640
1642
1644
1645
1646
1647
1648
1649
1650
1651
1652
1653
1654
1655
1656
1657
1659
1660
1662
1664
1665
1667
1670
1672
1676
1677
1679
1684
1685
1687
1690
1691
1694
1696
1697
1698
1699
1701
1702
1703
1704
1705
1707
1708
1709
1710
1714
1717
1718
1719
1723
1725
1727
1728
1729
1730
1731
1733
1734
1735
1737
1738
1740
1742
1743
1744
1745
1746
1748
1749
1750
1753
1754
1756
1758
1760
1761
1764
1765
1773
1774
1775
1776
1778
1781
1782
1785
1787
1789
1791
1793
1794
1795
1796
1797
1798
1803
1804
1805
1806
1808
1809
1810
1811
1812
1815
1819
1821
1822
1830
1833
1838
1839
1844
1845
1846
1847
1848
1852
1853
1855
1857
1858
1859
1860
1861
1863
1864
1868
1871
1872
1873
1874
1875
1878
1879
1880
1881
1882
1885
1886
1890
1891
1892
1893
1894
1895
1896
1897
1898
1899
1900
1901
1903
1904
1908
1909
1911
1912
1913
1914
1916
1917
1920
1921
1922
1923
1924
1925
1926
1927
1928
1930
1931
1932
1934
1935
1937
1939
1940
1941
1942
1943
1944
1948
1950
1951
1953
1957
1960
1961
1963
1964
1965
1966
1967
1968
1969
1971
1972
1973
1974
1975
1977
1978
1979
1980
1982
1983
1984
1985
1986
1988
1989
1990
1992
1993
1995
1996
1998
1999
2001
2003
2005
2007
2008
2009
2010
2013
2014
2015
2016
2017
2018
2020
2022
2023
2026
2027
2028
2030
2031
2035
2037
2038
2039
2040
2045
2048
2049
2050
2051
2053
2054
2055
2056
2058
2059
2060
2061
2065
2067
2068
2069
2070
2073
2075
2076
2077
2081
2082
2089
2090
2092
2093
2097
2100
2102
2106
2107
2109
2110
2111
2112
2113
2114
2115
2117
2118
2119
2120
2123
2125
2127
2128
2129
2130
2131
2134
2135
2137
2138
2139
2140
2141
2142
2143
2144
2145
2146
2147
2148
2151
2152
2153
2154
2155
2156
2158
2159
2161
2163
2164
2166
2167
2168
2169
2171
2173
2174
2176
2177
2178
2179
2182
2184
2187
2188
2189
2190
2191
2193
2198
2200
2201
2202
2203
2204
2209
2217
2218
2219
2220
2222
2224
2225
2226
2229
2230
2231
2232
2233
2236
2238
2240
2241
2243
2246
2247
2248
2251
2253
2254
2255
2257
2259
2260
2261
2262
2263
2265
2268
2269
2270
2274
2275
2277
2278
2279
2281
2282
2283
2284
2287
2288
2289
2290
2291
2293
2294
2295
2296
2297
2298
2299
2301
2302
2304
2305
2306
2307
2308
2309
2311
2315
2317
2321
2325
2327
2328
2329
2330
2331
2332
2333
2334
2335
2336
2337
2338
2340
2341
2342
2346
2348
2349
2351
2352
2353
2354
2355
2357
2360
2361
2362
2363
2364
2365
2366
2368
2369
2370
2374
2376
2378
2380
2381
2383
2384
2386
2387
2390
2391
2393
2394
2395
2396
2400
2401
2402
2405
2406
2407
2408
2412
2413
2414
2415
2416
2420
2421
2424
2426
2427
2429
2430
2431
2432
2435
2437
2438
2439
2442
2443
2447
2449
2451
2453
2454
2455
2456
2459
2460
2461
2463
2464
2466
2468
2470
2471
2473
2476
2479
2480
2481
2482
2483
2487
2490
2495
2496
2498
2499
2501
2503
2504
2505
2506
2507
2508
2509
2512
2514
2518
2524
2526
2528
2529
2530
2532
2535
2536
2541
2542
2543
2544
2545
2546
2547
2548
2549
2550
2552
2553
2554
2555
2557
2558
2560
2563
2566
2567
2569
2572
2573
2574
2575
2577
2578
2579
2580
2581
2582
2583
2587
2589
2590
2591
2592
2594
2595
2596
2597
2599
2600
2601
2602
2603
2604
2605
2609
2610
2611
2612
2615
2617
2619
2620
2621
2623
2625
2626
2627
2628
2629
2630
2633
2634
2635
2636
2640
2641
2642
2644
2646
2647
2651
2654
2655
2656
2657
2658
2660
2661
2662
2666
2667
2668
2669
2672
2677
2678
2679
2681
2682
2683
2685
2689
2692
2694
2695
2696
2697
2698
2699
2700
2701
2702
2703
2706
2707
2708
2709
2710
2711
2712
2714
2715
2718
2719
2722
2724
2727
2728
2731
2732
2735
2736
2738
2739
2741
2743
2745
2750
2752
2753
2754
2757
2758
2764
2765
2766
2767
2768
2772
2776
2778
2779
2780
2781
2782
2783
2784
2787
2788
2789
2796
2797
2798
2799
2800
2801
2802
2803
2805
2806
2807
2809
2811
2812
2815
2817
2818
2819
2820
2821
2822
2823
2828
2831
2832
2834
2835
2836
2837
2838
2840
2841
2842
2844
2845
2848
2852
2853
2854
2855
2857
2858
2859
2860
2862
2864
2866
2867
2868
2869
2870
2872
2873
2874
2877
2880
2881
2882
2883
2884
2885
2889
2890
2892
2894
2895
2896
2897
2898
2902
2904
2905
2908
2912
2913
2914
2915
2916
2917
2918
2919
2920
2921
2924
2925
2926
2927
2929
2930
2932
2933
2935
2936
2937
2939
2940
2942
2943
2944
2945
2946
2947
2949
2951
2953
2954
2955
2957
2959
2961
2962
2964
2965
2966
2968
2970
2973
2974
2976
2978
2979
2980
2982
2983
2984
2985
2986
2988
2990
2991
2993
2995
2997
2998
2999
3001
3002
3003
3004
3005
3006
3007
3008
3010
3011
3012
3013
3014
3017
3018
3019
3020
3024
3025
3026
3027
3028
3029
3032
3034
3036
3037
3039
3040
3042
3043
3046
3047
3048
3050
3053
3054
3055
3056
3057
3058
3060
3067
3068
3071
3072
3074
3075
3076
3079
3080
3081
3084
3085
3086
3089
3091
3092
3094
3099
3103
3105
3106
3107
3108
3109
3111
3114
3115
3116
3117
3118
3119
3121
3122
3123
3125
3126
3127
3128
3129
3130
3133
3135
3138
3139
3140
3141
3142
3143
3145
3146
3147
3148
3149
3151
3152
3153
3154
3155
3156
3157
3160
3161
3162
3163
3164
3165
3166
3167
3170
3172
3174
3175
3176
3179
3181
3184
3187
3188
3189
3191
3192
3194
3196
3197
3198
3200
3201
3203
3204
3206
3208
3209
3210
3212
3214
3215
3216
3218
3219
3223
3224
3225
3226
3228
3229
3231
3232
3233
3236
3237
3240
3243
3244
3245
3246
3247
3249
3253
3257
3259
3268
3271
3273
3274
3276
3277
3278
3280
3281
3284
3285
3286
3289
3292
3294
3297
3299
3300
3301
3302
3305
3306
3308
3313
3315
3317
3318
3323
3324
3325
3327
3329
3330
3334
3340
3341
3343
3344
3346
3349
3350
3351
3353
3354
3356
3357
3358
3359
3360
3361
3362
3364
3365
3369
3372
3373
3374
3375
3376
3378
3379
3385
3387
3388
3389
3391
3393
3396
3402
3404
3406
3408
3410
3412
3414
3416
3419
3420
3422
3423
3424
3427
3428
3430
3431
3433
3435
3436
3438
3440
3446
3448
3450
3451
3452
3453
3455
3456
3460
3462
3463
3465
3466
3467
3469
3470
3472
3473
3474
3475
3476
3477
3478
3479
3483
3484
3485
3490
3491
3496
3501
3503
3506
3507
3509
3510
3511
3512
3514
3515
3517
3518
3520
3521
3522
3524
3525
3527
3528
3529
3530
3531
3533
3535
3540
3541
3542
3544
3545
3546
3548
3551
3552
3555
3557
3558
3561
3562
3563
3564
3566
3567
3568
3569
3575
3576
3577
3578
3580
3582
3586
3587
3592
3594
3596
3597
3598
3600
3601
3603
3604
3606
3608
3610
3612
3613
3614
3615
3616
3617
3623
3624
3625
3626
3627
3628
3629
3631
3632
3636
3637
3638
3639
3641
3643
3647
3648
3649
3652
3653
3654
3656
3658
3659
3660
3662
3663
3664
3666
3667
3668
3669
3670
3671
3673
3674
3675
3676
3677
3678
3679
3680
3681
3683
3684
3685
3689
3690
3692
3693
3695
3697
3698
3700
3701
3702
3703
3705
3706
3708
3711
3714
3715
3717
3718
3722
3724
3725
3728
3729
3731
3733
3734
3736
3738
3739
3743
3744
3746
3748
3749
3750
3754
3755
3756
3757
3758
3759
3761
3762
3763
3764
3765
3766
3767
3769
3771
3772
3776
3780
3781
3784
3785
3786
3787
3790
3793
3794
3795
3796
3797
3798
3799
3800
3801
3802
3807
3808
3809
3814
3815
3817
3818
3820
3821
3823
3826
3827
3831
3832
3833
3834
3835
3836
3838
3839
3842
3844
3846
3849
3850
3851
3852
3855
3856
3857
3858
3859
3861
3862
3863
3864
3865
3866
3872
3873
3874
3875
3880
3882
3883
3884
3885
3886
3887
3889
3891
3893
3894
3895
3897
3898
3899
3900
3901
3902
3904
3905
3906
3907
3908
3909
3910
3911
3912
3913
3915
3916
3919
3921
3923
3924
3925
3926
3927
3930
3931
3932
3933
3934
3935
3939
3940
3941
3943
3944
3950
3951
3958
3960
3961
3962
3964
3965
3966
3967
3969
3970
3971
3973
3976
3977
3978
3983
3987
3988
3989
3991
3995
3996
3997
3998
3999
4001
4003
4004
4005
4006
4007
4009
4012
4013
4014
4017
4022
4023
4025
4026
4028
4030
4031
4032
4033
4034
4035
4036
4037
4038
4039
4040
4041
4043
4044
4047
4048
4049
4050
4051
4052
4053
4054
4057
4058
4061
4062
4068
4071
4072
4073
4074
4075
4076
4077
4078
4079
4080
4081
4082
4083
4085
4087
4088
4089
4090
4092
4095
4102
4103
4105
4106
4109
4114
4116
4117
4118
4124
4127
4128
4129
4130
4131
4132
4133
4134
4137
4139
4142
4143
4144
4145
4146
4147
4149
4150
4151
4152
4156
4158
4162
4163
4164
4165
4167
4169
4172
4173
4174
4176
4177
4178
4179
4183
4184
4186
4187
4189
4190
4191
4192
4193
4194
4195
4197
4198
4200
4201
4202
4204
4208
4209
4210
4211
4212
4214
4215
4216
4217
4219
4220
4222
4223
4224
4225
4229
4230
4233
4234
4235
4236
4237
4238
4239
4240
4242
4244
4246
4247
4248
4249
4250
4253
4257
4260
4261
4263
4264
4266
4267
4270
4271
4272
4273
4274
4275
4276
4277
4278
4280
4281
4282
4283
4285
4286
4288
4289
4290
4291
4292
4293
4294
4295
4298
4300
4303
4304
4305
4306
4307
4308
4309
4310
4311
4316
4317
4319
4320
4321
4322
4323
4325
4326
4327
4330
4335
4336
4337
4339
4340
4342
4343
4344
4346
4351
4354
4359
4363
4364
4365
4366
4369
4370
4372
4373
4374
4375
4376
4380
4381
4382
4383
4384
4385
4388
4389
4394
4398
4400
4403
4404
4405
4408
4409
4410
4412
4413
4414
4415
4419
4420
4421
4422
4423
4424
4425
4426
4427
4429
4431
4433
4434
4435
4436
4439
4442
4443
4445
4446
4448
4449
4450
4452
4456
4457
4458
4459
4460
4461
4462
4463
4464
4465
4466
4469
4471
4472
4475
4479
4481
4482
4485
4486
4489
4497
4498
4500
4501
4502
4505
4507
4511
4513
4515
4516
4518
4521
4522
4525
4526
4527
4530
4531
4532
4534
4536
4537
4538
4539
4540
4541
4543
4545
4547
4548
4550
4551
4552
4554
4555
4559
4561
4563
4567
4569
4571
4572
4576
4577
4579
4580
4582
4584
4585
4586
4588
4589
4590
4592
4593
4595
4597
4598
4601
4602
4603
4605
4607
4608
4611
4612
4613
4615
4616
4617
4618
4619
4620
4621
4623
4624
4625
4626
4629
4630
4632
4633
4637
4638
4639
4642
4643
4644
4646
4650
4651
4653
4655
4657
4658
4659
4660
4661
4662
4663
4666
4667
4668
4669
4670
4671
4674
4677
4678
4679
4680
4681
4682
4683
4684
4685
4686
4687
4688
4689
4690
4692
4695
4696
4697
4700
4701
4702
4703
4707
4708
4709
4710
4711
4713
4714
4715
4716
4717
4718
4720
4722
4723
4724
4726
4727
4730
4731
4732
4733
4734
4735
4736
4738
4739
4742
4743
4744
4747
4748
4752
4755
4759
4760
4762
4766
4768
4769
4770
4774
4775
4777
4779
4780
4781
4783
4784
4785
4786
4787
4788
4789
4790
4791
4793
4794
4797
4800
4801
4803
4805
4808
4812
4813
4814
4815
4817
4818
4823
4824
4825
4826
4828
4829
4830
4831
4832
4833
4835
4838
4840
4842
4845
4846
4848
4849
4850
4851
4852
4853
4854
4855
4857
4859
4864
4866
4867
4868
4870
4872
4873
4876
4877
4881
4882
4883
4887
4888
4889
4890
4891
4893
4895
4898
4902
4903
4904
4907
4908
4909
4912
4915
4916
4918
4920
4921
4922
4923
4927
4929
4930
4934
4935
4936
4938
4939
4940
4943
4949
4951
4953
4954
4955
4956
4958
4960
4964
4965
4968
4970
4971
4972
4973
4974
4975
4977
4980
4982
4983
4985
4986
4989
4991
4992
4993
4995
4997
4998
4999
5001
5002
5004
5005
5011
5013
5014
5016
5021
5023
5024
5025
5027
5028
5030
5031
5035
5036
5037
5038
5041
5042
5044
5046
5047
5048
5049
5050
5051
5053
5055
5056
5058
5059
5060
5061
5062
5063
5064
5067
5068
5073
5074
5076
5077
5078
5079
5080
5081
5082
5083
5084
5087
5089
5092
5093
5094
5095
5096
5097
5098
5099
5100
5101
5103
5104
5105
5106
5107
5109
5110
5112
5113
5114
5115
5118
5122
5126
5127
5128
5131
5132
5133
5134
5135
5137
5139
5141
5143
5144
5145
5146
5147
5148
5151
5153
5154
5155
5156
5157
5158
5159
5160
5161
5165
5166
5167
5171
5174
5176
5177
5178
5180
5182
5183
5184
5185
5186
5187
5189
5191
5194
5195
5197
5198
5200
5201
5206
5209
5210
5211
5215
5216
5217
5218
5219
5221
5223
5225
5226
5228
5229
5230
5231
5232
5233
5240
5241
5243
5244
5248
5252
5253
5257
5260
5261
5264
5269
5272
5273
5274
5275
5280
5281
5282
5285
5286
5287
5288
5290
5291
5292
5293
5294
5295
5299
5301
5303
5306
5307
5309
5311
5312
5314
5315
5320
5321
5323
5324
5327
5329
5333
5337
5343
5344
5348
5349
5351
5354
5355
5357
5360
5362
5370
5371
5372
5373
5375
5376
5377
5378
5380
5381
5382
5386
5387
5388
5389
5393
5394
5396
5397
5399
5400
5401
5403
5404
5406
5407
5408
5410
5411
5412
5413
5415
5417
5418
5419
5420
5421
5422
5423
5424
5426
5429
5430
5437
5439
5440
5441
5442
5443
5444
5446
5447
5451
5452
5453
5456
5457
5458
5459
5463
5464
5465
5466
5468
5469
5471
5476
5477
5478
5479
5480
5481
5483
5484
5485
5486
5488
5492
5494
5495
5496
5498
5504
5508
5509
5510
5512
5514
5515
5516
5517
5518
5519
5520
5521
5522
5524
5526
5527
5528
5530
5531
5532
5534
5537
5539
5540
5541
5543
5544
5545
5546
5547
5548
5549
5550
5552
5553
5555
5557
5558
5559
5560
5564
5567
5569
5570
5572
5573
5574
5576
5579
5580
5583
5584
5585
5587
5588
5589
5591
5592
5594
5595
5596
5598
5599
5600
5601
5602
5604
5605
5607
5608
5611
5612
5615
5616
5617
5618
5619
5620
5621
5622
5623
5625
5626
5627
5630
5631
5634
5636
5637
5642
5644
5645
5647
5648
5649
5650
5651
5652
5658
5660
5663
5664
5666
5667
5668
5669
5671
5675
5677
5678
5679
5681
5682
5683
5684
5686
5687
5688
5690
5691
5692
5697
5698
5699
5700
5702
5703
5704
5707
5708
5709
5710
5712
5713
5717
5718
5720
5721
5723
5728
5729
5730
5731
5732
5734
5735
5736
5738
5739
5740
5741
5742
5743
5745
5746
5747
5750
5752
5753
5754
5755
5757
5759
5761
5764
5765
5766
5767
5768
5770
5771
5772
5773
5775
5776
5778
5780
5781
5782
5783
5785
5789
5791
5792
5794
5797
5802
5803
5805
5807
5811
5815
5819
5820
5822
5823
5824
5825
5826
5827
5829
5830
5834
5836
5837
5839
5840
5841
5842
5845
5846
5847
5849
5855
5856
5860
5861
5863
5867
5868
5869
5872
5873
5876
5877
5881
5883
5884
5885
5886
5887
5889
5890
5892
5894
5896
5899
5901
5903
5904
5906
5907
5908
5909
5910
5912
5915
5917
5918
5919
5920
5921
5922
5923
5926
5927
5928
5929
5930
5931
5932
5933
5934
5935
5936
5938
5940
5941
5943
5944
5945
5947
5951
5956
5958
5959
5960
5961
5964
5966
5968
5969
5971
5972
5974
5975
5977
5978
5979
5980
5981
5982
5984
5987
5988
5990
5991
5992
5993
5995
5996
5998
5999
6001
6002
6004
6009
6010
6011
6013
6016
6017
6018
6019
6021
6022
6023
6024
6026
6027
6028
6029
6030
6031
6032
6033
6036
6043
6044
6046
6049
6050
6052
6055
6056
6059
6060
6061
6063
6064
6065
6066
6067
6069
6072
6075
6076
6078
6080
6081
6082
6084
6085
6087
6088
6089
6090
6092
6095
6099
6100
6103
6104
6105
6106
6107
6108
6112
6113
6114
6116
6120
6123
6124
6125
6126
6127
6129
6131
6132
6137
6138
6139
6141
6143
6144
6148
6152
6153
6154
6156
6157
6158
6161
6162
6163
6164
6167
6171
6173
6175
6179
6183
6184
6185
6186
6189
6191
6193
6194
6195
6196
6198
6200
6201
6202
6204
6206
6207
6209
6211
6212
6213
6215
6216
6217
6218
6219
6220
6222
6225
6226
6227
6231
6232
6233
6235
6236
6237
6238
6239
6240
6241
6242
6243
6244
6246
6247
6252
6253
6254
6255
6256
6257
6260
6262
6263
6264
6265
6266
6269
6270
6272
6274
6275
6276
6280
6281
6282
6285
6286
6287
6288
6289
6293
6295
6296
6297
6298
6303
6304
6305
6306
6309
6310
6311
6312
6314
6315
6316
6317
6318
6319
6322
6324
6325
6327
6328
6329
6330
6331
6333
6335
6336
6337
6338
6339
6340
6341
6343
6345
6346
6347
6348
6351
6353
6354
6355
6359
6360
6361
6363
6364
6365
6367
6370
6371
6372
6374
6376
6377
6379
6380
6381
6383
6384
6385
6390
6391
6394
6395
6396
6397
6398
6399
6403
6405
6407
6408
6409
6414
6418
6420
6421
6423
6427
6428
6430
6431
6432
6433
6436
6437
6438
6439
6441
6442
6444
6445
6446
6447
6448
6450
6451
6453
6454
6457
6460
6462
6464
6465
6467
6469
6470
6471
6473
6474
6475
6476
6477
6478
6479
6482
6484
6485
6486
6487
6488
6491
6492
6493
6494
6495
6496
6500
6503
6504
6506
6507
6508
6509
6510
6511
6514
6515
6517
6521
6522
6523
6527
6528
6529
6530
6531
6532
6533
6534
6536
6537
6539
6540
6541
6542
6543
6544
6545
6546
6547
6549
6551
6552
6553
6554
6556
6557
6558
6559
6560
6561
6563
6564
6568
6571
6572
6573
6574
6577
6579
6581
6583
6584
6585
6586
6589
6590
6591
6593
6595
6596
6600
6602
6603
6604
6605
6606
6613
6614
6615
6616
6617
6618
6620
6621
6622
6623
6624
6625
6626
6627
6628
6629
6632
6633
6635
6636
6638
6639
6640
6641
6643
6646
6649
6650
6651
6652
6655
6657
6664
6665
6666
6667
6668
6669
6671
6673
6675
6676
6678
6681
6684
6688
6690
6691
6692
6693
6694
6695
6696
6697
6699
6701
6704
6705
6706
6707
6710
6712
6713
6718
6720
6721
6723
6724
6726
6728
6729
6731
6733
6735
6737
6738
6739
6740
6743
6746
6747
6749
6750
6751
6752
6753
6760
6762
6764
6765
6767
6768
6769
6770
6771
6772
6773
6774
6776
6780
6782
6783
6784
6785
6786
6787
6791
6792
6793
6794
6795
6797
6798
6800
6801
6803
6805
6808
6809
6810
6813
6814
6816
6817
6818
6819
6820
6822
6823
6824
6826
6830
6831
6832
6834
6835
6839
6840
6841
6843
6844
6845
6846
6847
6849
6851
6854
6855
6858
6860
6862
6863
6865
6871
6872
6873
6875
6877
6878
6879
6880
6881
6884
6885
6886
6888
6891
6892
6893
6894
6899
6901
6902
6903
6905
6908
6909
6910
6911
6912
6914
6915
6916
6919
6920
6921
6923
6924
6925
6926
6928
6929
6930
6932
6935
6938
6939
6940
6942
6944
6945
6947
6950
6951
6952
6953
6954
6955
6956
6958
6959
6960
6963
6964
6965
6966
6967
6968
6969
6972
6975
6976
6978
6979
6980
6981
6982
6983
6984
6985
6988
6989
6990
6991
6992
6995
6996
6997
6998
7001
7002
7003
7006
7009
7010
7011
7013
7015
7019
7020
7021
7024
7025
7026
7028
7029
7030
7031
7032
7033
7035
7036
7037
7038
7039
7040
7041
7042
7043
7047
7048
7052
7054
7058
7059
7060
7061
7062
7065
7066
7067
7068
7069
7070
7072
7074
7075
7077
7078
7079
7080
7081
7085
7087
7088
7090
7092
7093
7094
7096
7098
7099
7100
7101
7102
7103
7104
7105
7107
7108
7109
7110
7112
7116
7118
7119
7120
7121
7122
7124
7126
7128
7129
7131
7132
7133
7134
7137
7138
7140
7142
7143
7146
7149
7150
7151
7152
7153
7154
7155
7156
7157
7159
7160
7161
7162
7163
7165
7166
7169
7171
7173
7174
7175
7178
7180
7181
7182
7183
7184
7186
7187
7189
7191
7194
7195
7196
7197
7198
7199
7200
7201
7204
7205
7207
7208
7209
7213
7214
7215
7220
7221
7222
7225
7227
7232
7233
7234
7235
7237
7238
7240
7241
7242
7245
7246
7248
7249
7250
7252
7253
7254
7255
7256
7257
7259
7261
7262
7263
7264
7267
7268
7270
7275
7276
7278
7279
7280
7281
7282
7283
7284
7287
7288
7290
7291
7294
7295
7297
7300
7303
7304
7305
7306
7308
7309
7311
7312
7313
7314
7315
7316
7317
7318
7320
7321
7324
7325
7327
7329
7331
7334
7335
7337
7338
7339
7340
7342
7343
7344
7345
7348
7349
7350
7351
7356
7358
7360
7361
7362
7364
7365
7366
7367
7368
7369
7370
7372
7373
7374
7377
7379
7380
7381
7382
7384
7385
7386
7389
7392
7393
7394
7396
7397
7398
7400
7403
7404
7405
7406
7407
7408
7409
7410
7411
7413
7415
7416
7417
7418
7419
7420
7422
7424
7426
7427
7432
7433
7434
7435
7437
7441
7443
7446
7448
7449
7451
7452
7453
7454
7456
7457
7458
7460
7461
7462
7465
7466
7472
7474
7475
7478
7479
7483
7484
7485
7487
7488
7489
7492
7493
7494
7496
7497
7498
7499
7502
7503
7504
7505
7509
7510
7515
7516
7517
7520
7522
7524
7525
7526
7527
7529
7530
7532
7534
7540
7541
7542
7543
7546
7547
7548
7549
7550
7551
7552
7553
7554
7555
7558
7559
7561
7562
7563
7564
7565
7566
7567
7569
7570
7571
7572
7574
7575
7576
7578
7579
7580
7581
7582
7583
7584
7586
7587
7590
7591
7597
7599
7600
