1
2
3
4
5
6
8
11
13
14
15
16
20
22
23
24
26
29
30
32
35
37
38
39
40
41
43
49
50
52
53
54
55
57
58
60
63
65
68
69
72
76
80
81
82
84
85
86
89
90
92
93
94
97
100
101
108
113
114
115
116
117
118
119
120
121
124
126
127
128
129
130
132
134
135
136
137
138
139
141
143
144
146
147
149
150
152
153
155
156
157
159
161
162
163
166
168
169
170
172
173
175
178
180
183
184
185
186
187
188
189
192
193
194
196
197
199
200
206
207
209
211
212
214
215
216
217
219
220
223
225
227
230
231
233
235
237
238
240
242
245
246
247
248
249
250
251
252
253
254
257
258
261
263
264
265
266
269
270
271
272
273
274
276
279
280
281
282
286
288
289
290
292
293
300
301
302
303
304
306
307
308
310
312
313
317
320
321
322
323
324
325
326
327
328
329
330
332
334
335
338
339
340
345
346
349
350
352
353
356
357
361
362
363
364
369
372
373
374
376
381
382
383
384
385
387
388
390
391
392
395
397
399
400
401
402
403
404
405
406
409
410
411
413
416
418
419
421
422
425
426
427
429
431
432
433
434
437
439
441
443
445
447
449
450
451
453
456
457
458
459
460
461
463
464
466
469
470
472
474
475
477
478
482
484
485
486
487
488
490
492
496
497
498
500
501
506
507
511
513
514
517
518
519
520
521
522
523
524
525
529
531
532
534
535
536
538
539
541
543
544
545
546
547
548
551
552
556
557
558
559
560
561
562
564
565
566
567
568
569
572
574
575
578
580
581
582
583
589
591
592
593
594
598
599
600
602
603
604
605
606
608
610
611
613
614
617
619
621
623
624
625
627
628
630
632
636
637
638
640
641
642
643
644
645
647
649
650
651
653
654
656
658
659
662
663
664
666
668
669
671
673
674
676
677
678
679
682
685
686
691
692
693
694
697
701
702
703
704
706
707
708
710
711
715
716
718
719
722
723
724
726
727
728
730
733
734
736
740
741
742
745
746
747
749
750
751
755
756
757
758
759
761
763
767
769
771
773
775
777
778
780
781
782
785
788
792
795
796
797
798
804
806
808
809
812
814
816
819
820
821
822
823
825
827
829
830
831
832
833
836
842
843
844
845
848
849
850
851
852
853
854
856
858
859
860
861
863
864
865
866
867
868
869
870
872
873
874
875
876
878
879
881
882
886
887
889
890
891
892
893
894
896
899
901
902
905
907
908
911
914
917
922
923
924
925
926
928
929
930
932
933
935
937
939
941
943
944
945
947
948
950
954
958
959
960
963
966
967
969
970
971
973
977
978
979
980
981
983
984
985
986
989
990
991
992
994
995
997
998
999
1000
1001
1002
1006
1008
1009
1010
1011
1013
1015
1018
1020
1023
1025
1026
1029
1031
1032
1033
1034
1035
1037
1038
1039
1042
1044
1045
1049
1050
1052
1058
1059
1060
1061
1062
1063
1065
1066
1070
1072
1074
1076
1077
1079
1080
1081
1082
1083
1084
1086
1087
1093
1094
1095
1096
1098
1100
1101
1102
1104
1105
1107
1108
1109
1112
1114
1116
1117
1118
1120
1122
1123
1125
1127
1129
1130
1131
1132
1133
1134
1135
1137
1138
1141
1142
1143
1145
1147
1149
1151
1152
1153
1155
1156
1157
1160
1165
1166
1168
1169
1172
1173
1174
1177
1178
1180
1183
1185
1186
1187
1189
1190
1191
1196
1197
1198
1199
1200
1202
1204
1206
1207
1208
1209
1211
1212
1213
1216
1218
1220
1223
1224
1225
1226
1227
1230
1231
1234
1235
1236
1237
1238
1239
1241
1243
1247
1248
1249
1251
1252
1254
1255
1258
1260
1261
1262
1264
1265
1266
1267
1268
1269
1270
1271
1273
1274
1275
1277
1279
1280
1282
1283
1285
1288
1289
1293
1294
1296
1297
1300
1302
1304
1305
1306
1308
1309
1314
1317
1318
1319
1320
1323
1325
1326
1327
1328
1329
1332
1334
1338
1339
1340
1341
1342
1343
1344
1345
1346
1347
1351
1354
1355
1356
1360
1365
1366
1368
1370
1371
1372
1373
1374
1375
1376
1378
1379
1381
1383
1385
1386
1388
1389
1390
1393
1394
1396
1397
1398
1399
1400
1401
1406
1408
1409
1410
1412
1414
1415
1416
1418
1419
1420
1423
1424
1425
1429
1432
1434
1435
1436
1437
1438
1439
1443
1444
1446
1447
1448
1449
1450
1451
1453
1454
1456
1457
1458
1460
1461
1462
1464
1466
1467
1470
1472
1473
1474
1475
1477
1478
1479
1480
1481
1482
1484
1488
1490
1492
1494
1495
1496
1497
1498
1501
1502
1503
1504
1505
1508
1509
1511
1512
1513
1516
1517
1520
1521
1524
1525
1526
1527
1528
1529
1530
1534
1535
1537
1538
1541
1542
1543
1545
1546
1549
1550
1551
1552
1555
1556
1557
1558
1560
1562
1565
1567
1569
1570
1571
1573
1574
1575
1576
1577
1578
1579
1581
1583
1584
1586
1587
1589
1591
1593
1595
1596
1600
1601
1603
1604
1605
1606
1607
1608
1609
1610
1613
1617
1619
1621
1622
1624
1627
1628
1630
1631
1632
1633
1634
1635
1638
1641
1642
1643
1644
1645
1647
1648
1649
1653
1654
1656
1657
1660
1661
1662
1664
1666
1667
1668
1669
1670
1672
1673
1675
1676
1677
1680
1681
1682
1683
1684
1688
1689
1690
1691
1692
1693
1694
1696
1700
1701
1703
1704
1709
1711
1713
1716
1717
1718
1719
1720
1721
1722
1723
1724
1725
1727
1728
1729
1730
1732
1733
1734
1736
1737
1738
1740
1741
1745
1748
1749
1750
1751
1753
1754
1755
1756
1757
1758
1759
1760
1761
1762
1763
1764
1765
1768
1769
1770
1771
1774
1775
1776
1778
1779
1780
1781
1782
1783
1784
1785
1789
1790
1791
1793
1794
1795
1796
1797
1798
1801
1802
1806
1808
1811
1812
1814
1816
1817
1818
1821
1822
1823
1824
1825
1827
1829
1830
1833
1836
1838
1839
1840
1842
1843
1845
1846
1850
1851
1852
1853
1855
1856
1857
1858
1860
1861
1862
1863
1864
1865
1866
1867
1868
1869
1870
1872
1875
1876
1877
1878
1881
1887
1888
1889
1890
1892
1893
1894
1895
1898
1900
1901
1903
1909
1910
1911
1912
1914
1915
1916
1917
1918
1919
1921
1922
1923
1926
1930
1932
1933
1934
1937
1938
1939
1940
1941
1942
1943
1944
1945
1946
1947
1950
1951
1952
1953
1955
1956
1958
1960
1962
1963
1964
1965
1967
1972
1974
1976
1978
1979
1983
1987
1988
1989
1992
1996
1997
1998
2000
2002
2003
2004
2006
2007
2009
2011
2013
2017
2018
2020
2021
2022
2024
2026
2027
2031
2032
2034
2036
2039
2040
2041
2043
2044
2045
2047
2049
2050
2052
2053
2057
2058
2059
2062
2065
2066
2068
2069
2070
2071
2072
2073
2075
2077
2078
2079
2080
2081
2083
2084
2086
2088
2090
2091
2092
2093
2094
2095
2097
2099
2103
2105
2106
2109
2110
2111
2112
2113
2114
2115
2116
2117
2119
2121
2125
2126
2127
2129
2130
2131
2133
2134
2135
2136
2137
2138
2139
2140
2141
2142
2143
2144
2145
2146
2148
2151
2152
2154
2155
2159
2160
2161
2163
2166
2168
2169
2170
2171
2175
2176
2177
2180
2182
2183
2184
2185
2186
2187
2188
2189
2191
2192
2195
2196
2197
2201
2202
2203
2205
2207
2208
2209
2210
2212
2213
2215
2216
2220
2222
2223
2224
2226
2227
2230
2232
2233
2236
2237
2239
2240
2242
2243
2244
2246
2252
2253
2254
2257
2259
2260
2262
2263
2264
2265
2266
2268
2270
2271
2272
2273
2276
2278
2281
2282
2285
2286
2288
2292
2294
2295
2296
2297
2300
2301
2303
2304
2305
2308
2311
2312
2313
2314
2316
2317
2319
2322
2324
2325
2326
2327
2328
2330
2331
2332
2333
2334
2337
2338
2341
2343
2344
2346
2347
2348
2349
2351
2352
2353
2354
2355
2357
2360
2367
2372
2374
2375
2376
2377
2379
2380
2381
2383
2385
2386
2387
2390
2391
2393
2394
2398
2400
2401
2403
2404
2405
2407
2411
2412
2414
2416
2417
2418
2419
2422
2424
2428
2429
2432
2435
2438
2440
2445
2447
2449
2451
2452
2453
2454
2455
2457
2458
2459
2463
2465
2467
2469
2470
2471
2473
2474
2476
2478
2480
2481
2484
2486
2488
2489
2490
2492
2493
2497
2499
2500
2503
2505
2507
2508
2509
2510
2515
2516
2518
2519
2520
2522
2525
2528
2530
2532
2535
2538
2539
2540
2541
2543
2544
2547
2550
2553
2554
2556
2558
2560
2561
2563
2564
2565
2567
2569
2570
2571
2572
2573
2575
2576
2578
2579
2580
2581
2584
2585
2589
2591
2595
2597
2599
2600
2603
2605
2607
2608
2609
2610
2611
2613
2614
2615
2617
2619
2620
2623
2624
2625
2626
2627
2628
2629
2631
2634
2635
2636
2637
2642
2643
2645
2646
2649
2650
2655
2656
2658
2660
2661
2662
2663
2664
2665
2667
2668
2669
2670
2675
2676
2677
2679
2680
2681
2682
2684
2686
2687
2688
2689
2690
2692
2693
2695
2696
2697
2700
2701
2702
2703
2704
2705
2706
2707
2708
2709
2710
2711
2713
2714
2716
2717
2719
2720
2721
2724
2725
2727
2728
2731
2733
2734
2735
2736
2737
2742
2743
2744
2745
2748
2750
2753
2755
2758
2759
2761
2762
2763
2767
2768
2769
2770
2771
2772
2774
2775
2776
2777
2778
2779
2781
2782
2783
2784
2785
2787
2789
2790
2792
2793
2794
2796
2801
2803
2806
2807
2808
2810
2812
2815
2816
2818
2821
2823
2824
2825
2827
2828
2829
2830
2831
2832
2835
2837
2838
2840
2841
2842
2843
2846
2854
2857
2858
2859
2861
2862
2863
2864
2865
2866
2867
2870
2875
2876
2879
2881
2885
2887
2888
2890
2894
2895
2897
2899
2900
2902
2904
2905
2906
2907
2908
2910
2911
2912
2913
2915
2916
2921
2923
2924
2925
2926
2927
2928
2929
2930
2932
2933
2934
2935
2936
2940
2943
2944
2945
2951
2952
2953
2955
2956
2957
2958
2960
2961
2962
2964
2965
2967
2969
2972
2974
2977
2978
2979
2981
2982
2983
2988
2989
2991
2992
2993
2994
2995
2996
2997
2998
3002
3003
3004
3006
3007
3008
3009
3012
3013
3014
3015
3016
3017
3018
3020
3021
3025
3026
3028
3029
3030
3033
3034
3036
3038
3039
3040
3042
3045
3046
3047
3051
3052
3055
3056
3059
3060
3061
3062
3063
3067
3070
3071
3072
3073
3074
3075
3077
3078
3079
3080
3081
3084
3086
3087
3088
3089
3090
3091
3093
3094
3096
3097
3099
3101
3102
3104
3105
3106
3107
3109
3110
3111
3112
3113
3114
3115
3116
3118
3119
3121
3123
3125
3126
3127
3128
3129
3130
3132
3133
3134
3135
3136
3137
3138
3139
3140
3141
3147
3148
3150
3152
3153
3154
3156
3157
3158
3159
3160
3161
3163
3166
3167
3169
3173
3174
3175
3176
3179
3180
3184
3185
3186
3188
3189
3190
3191
3193
3194
3196
3197
3198
3199
3200
3201
3202
3203
3204
3208
3209
3210
3211
3212
3214
3216
3217
3218
3219
3221
3222
3224
3226
3228
3230
3231
3232
3234
3235
3236
3237
3238
3240
3241
3242
3243
3245
3247
3249
3250
3251
3252
3256
3258
3259
3260
3261
3262
3263
3264
3266
3267
3268
3269
3270
3271
3273
3274
3277
3278
3281
3282
3283
3284
3285
3293
3295
3296
3300
3301
3303
3305
3306
3308
3309
3310
3311
3312
3313
3314
3317
3318
3320
3322
3328
3329
3330
3332
3335
3336
3337
3338
3339
3340
3342
3344
3346
3349
3352
3354
3355
3357
3360
3361
3362
3363
3365
3366
3368
3369
3371
3373
3374
3376
3377
3378
3379
3380
3381
3382
3387
3388
3389
3392
3393
3394
3397
3398
3399
3400
3403
3405
3406
3407
3409
3411
3412
3413
3414
3415
3416
3418
3420
3422
3423
3424
3425
3426
3427
3428
3430
3431
3432
3433
3435
3436
3437
3443
3447
3448
3449
3450
3452
3453
3454
3455
3457
3459
3460
3461
3462
3463
3464
3465
3466
3467
3469
3472
3476
3477
3478
3482
3485
3486
3488
3490
3494
3496
3497
3498
3499
3500
3501
3503
3506
3507
3512
3513
3514
3515
3517
3519
3521
3527
3528
3530
3532
3533
3534
3535
3537
3539
3540
3541
3543
3545
3546
3548
3549
3551
3552
3554
3555
3558
3559
3560
3562
3563
3564
3565
3570
3574
3576
3578
3582
3583
3584
3585
3586
3587
3588
3589
3590
3591
3593
3594
3595
3596
3597
3599
3600
3601
3602
3604
3606
3608
3609
3610
3611
3612
3614
3615
3616
3618
3619
3621
3625
3626
3627
3629
3633
3634
3639
3640
3642
3643
3644
3646
3648
3651
3652
3654
3655
3656
3657
3658
3659
3662
3663
3665
3667
3670
3671
3672
3673
3674
3676
3677
3678
3679
3682
3683
3687
3691
3692
3694
3695
3696
3697
3699
3700
3702
3704
3705
3706
3708
3710
3711
3712
3713
3715
3716
3718
3720
3722
3723
3724
3725
3729
3730
3732
3734
3735
3736
3737
3738
3739
3740
3742
3743
3745
3748
3750
3751
3752
3754
3755
3756
3757
3761
3763
3766
3767
3768
3769
3773
3775
3776
3777
3778
3780
3781
3783
3784
3785
3787
3789
3792
3793
3794
3795
3800
3803
3804
3805
3808
3809
3810
3811
3812
3813
3814
3815
3819
3821
3822
3823
3828
3830
3831
3832
3834
3835
3836
3838
3840
3841
3842
3843
3844
3846
3850
3851
3852
3853
3854
3856
3857
3858
3859
3860
3862
3865
3866
3867
3868
3869
3870
3871
3872
3874
3875
3879
3880
3881
3882
3883
3885
3887
3890
3891
3892
3893
3894
3895
3896
3897
3901
3904
3905
3906
3910
3914
3915
3916
3917
3920
3921
3923
3924
3925
3927
3928
3930
3932
3934
3935
3936
3937
3938
3942
3945
3954
3955
3956
3958
3959
3960
3961
3963
3964
3967
3968
3970
3971
3972
3975
3976
3977
3979
3981
3982
3984
3985
3987
3988
3989
3990
3994
3995
3996
3997
3998
3999
4000
4002
4003
4004
4005
4007
4008
4012
4013
4014
4015
4016
4022
4023
4024
4026
4027
4028
4030
4031
4033
4034
4036
4040
4041
4042
4043
4044
4049
4050
4051
4052
4053
4054
4058
4060
4062
4063
4064
4067
4071
4072
4074
4075
4077
4078
4081
4085
4087
4088
4089
4090
4091
4092
4095
4096
4098
4101
4104
4105
4108
4111
4113
4114
4116
4119
4121
4123
4124
4125
4126
4128
4132
4134
4138
4139
4141
4143
4144
4145
4146
4149
4150
4155
4156
4158
4159
4160
4162
4164
4165
4166
4168
4172
4175
4177
4178
4181
4184
4185
4186
4188
4189
4191
4192
4193
4194
4195
4196
4197
4198
4199
4200
4201
4202
4204
4205
4206
4207
4210
4211
4212
4213
4214
4215
4217
4218
4219
4220
4222
4223
4224
4226
4227
4229
4234
4236
4238
4240
4241
4242
4247
4250
4251
4252
4253
4254
4255
4258
4261
4262
4263
4264
4267
4269
4270
4272
4273
4274
4275
4277
4278
4281
4282
4284
4285
4288
4289
4292
4293
4294
4296
4297
4298
4299
4304
4305
4307
4308
4310
4311
4314
4315
4318
4319
4321
4323
4324
4327
4328
4329
4331
4332
4333
4336
4337
4338
4340
4342
4344
4345
4346
4349
4353
4357
4358
4360
4361
4362
4365
4366
4367
4369
4372
4373
4375
4378
4380
4381
4382
4383
4385
4386
4388
4393
4395
4396
4397
4400
4401
4402
4403
4404
4405
4406
4407
4410
4411
4412
4415
4417
4419
4420
4421
4422
4423
4428
4430
4438
4440
4442
4443
4444
4447
4448
4449
4456
4457
4458
4459
4461
4462
4463
4464
4465
4466
4469
4471
4473
4476
4477
4479
4481
4482
4485
4487
4489
4494
4497
4501
4503
4504
4507
4508
4510
4512
4513
4516
4518
4519
4520
4521
4522
4523
4524
4526
4527
4528
4531
4533
4534
4535
4536
4537
4538
4539
4540
4541
4542
4543
4544
4546
4547
4549
4550
4552
4555
4558
4559
4560
4561
4562
4563
4565
4566
4571
4572
4573
4575
4576
4578
4581
4583
4584
4585
4588
4589
4591
4592
4593
4594
4595
4596
4597
4600
4602
4603
4604
4605
4608
4610
4613
4614
4617
4618
4622
4623
4624
4628
4631
4633
4636
4637
4638
4639
4640
4641
4642
4644
4645
4648
4649
4650
4651
4656
4657
4659
4660
4662
4663
4664
4668
4670
4673
4674
4675
4677
4680
4682
4683
4684
4688
4689
4690
4691
4692
4694
4696
4697
4699
4700
4701
4704
4705
4706
4710
4713
4716
4717
4719
4720
4722
4723
4728
4729
4730
4731
4732
4734
4735
4736
4737
4738
4739
4741
4742
4743
4746
4747
4748
4749
4750
4753
4755
4756
4757
4760
4763
4766
4769
4771
4775
4777
4779
4781
4782
4784
4785
4788
4790
4791
4794
4795
4796
4797
4800
4801
4802
4803
4805
4806
4807
4808
4809
4810
4811
4813
4814
4815
4816
4818
4819
4820
4821
4822
4826
4829
4830
4831
4834
4838
4839
4840
4842
4844
4845
4847
4848
4850
4851
4852
4854
4855
4856
4858
4860
4862
4863
4868
4869
4872
4873
4874
4876
4877
4878
4880
4881
4882
4887
4889
4890
4892
4893
4894
4896
4897
4901
4902
4903
4904
4906
4908
4909
4913
4916
4917
4919
4922
4923
4931
4933
4934
4935
4937
4938
4941
4943
4950
4953
4955
4958
4959
4962
4963
4964
4966
4972
4973
4974
4976
4978
4981
4983
4985
4989
4990
4991
4992
4994
4995
4998
4999
5000
5001
5002
5004
5007
5008
5009
5010
5011
5013
5015
5016
5019
5020
5021
5022
5023
5027
5029
5030
5031
5032
5035
5037
5038
5039
5040
5041
5043
5044
5045
5047
5048
5050
5052
5053
5054
5055
5056
5058
5059
5062
5063
5066
5067
5068
5069
5071
5072
5073
5075
5076
5077
5079
5081
5082
5083
5085
5086
5087
5088
5089
5090
5091
5094
5095
5097
5100
5102
5105
5106
5108
5109
5110
5114
5116
5118
5122
5124
5125
5126
5127
5128
5129
5130
5133
5134
5135
5136
5137
5138
5139
5140
5141
5142
5143
5145
5147
5149
5150
5151
5152
5155
5156
5157
5158
5160
5161
5162
5163
5167
5170
5171
5174
5176
5177
5181
5182
5183
5184
5186
5188
5189
5191
5192
5193
5194
5195
5196
5198
5199
5200
5201
5203
5204
5205
5206
5209
5210
5215
5217
5219
5220
5222
5224
5225
5226
5227
5228
5234
5235
5239
5240
5244
5245
5247
5250
5251
5252
5253
5254
5256
5257
5258
5259
5260
5262
5263
5265
5266
5268
5269
5270
5271
5274
5275
5282
5285
5286
5287
5291
5293
5294
5296
5297
5298
5299
5301
5302
5303
5306
5310
5311
5312
5313
5314
5315
5316
5317
5318
5320
5321
5323
5325
5326
5327
5328
5329
5330
5332
5333
5334
5335
5337
5338
5339
5341
5343
5346
5347
5349
5350
5353
5354
5357
5359
5361
5362
5368
5369
5371
5373
5375
5376
5380
5383
5387
5388
5389
5390
5393
5396
5402
5403
5404
5408
5409
5410
5411
5412
5414
5417
5418
5419
5420
5421
5422
5424
5426
5427
5429
5430
5431
5434
5436
5437
5438
5439
5441
5442
5443
5444
5445
5446
5447
5449
5452
5453
5456
5460
5463
5466
5467
5468
5471
5473
5474
5479
5481
5483
5485
5490
5492
5493
5494
5495
5496
5499
5500
5505
5507
5508
5509
5511
5513
5514
5516
5517
5518
5519
5520
5521
5522
5524
5528
5529
5534
5536
5537
5538
5539
5540
5541
5542
5543
5545
5546
5547
5548
5549
5550
5558
5559
5560
5561
5563
5566
5567
5569
5570
5574
5575
5576
5580
5582
5585
5587
5588
5589
5591
5593
5594
5597
5598
5599
5601
5602
5604
5605
5606
5607
5609
5610
5613
5614
5618
5619
5621
5623
5624
5626
5627
5629
5630
5631
5632
5633
5635
5636
5637
5638
5639
5641
5642
5643
5646
5647
5648
5649
5653
5657
5659
5661
5662
5666
5667
5668
5669
5670
5671
5673
5675
5676
5680
5681
5682
5683
5684
5686
5687
5688
5689
5691
5692
5693
5694
5696
5699
5700
5703
5704
5705
5707
5710
5711
5713
5718
5719
5723
5724
5725
5726
5727
5728
5729
5730
5731
5732
5733
5735
5736
5737
5739
5740
5741
5742
5744
5745
5746
5747
5748
5749
5750
5751
5752
5753
5754
5755
5759
5760
5761
5764
5767
5768
5769
5771
5773
5774
5775
5776
5779
5780
5782
5784
5786
5787
5788
5789
5790
5791
5792
5793
5794
5797
5798
5801
5803
5806
5807
5811
5814
5815
5816
5819
5820
5821
5823
5826
5827
5828
5829
5832
5833
5834
5838
5841
5845
5846
5849
5851
5852
5854
5855
5858
5859
5860
5861
5862
5863
5864
5865
5866
5868
5869
5872
5873
5874
5875
5877
5878
5880
5881
5884
5885
5886
5887
5888
5889
5890
5893
5894
5895
5897
5901
5902
5904
5905
5906
5907
5908
5909
5910
5911
5912
5913
5915
5917
5918
5919
5920
5922
5926
5927
5930
5931
5933
5935
5936
5937
5939
5941
5944
5946
5948
5950
5951
5955
5957
5959
5960
5963
5966
5967
5968
5969
5971
5973
5974
5976
5977
5978
5979
5980
5981
5982
5984
5985
5987
5988
5989
5991
5992
5995
5996
5997
5998
5999
6000
6002
6005
6006
6010
6011
6012
6014
6015
6017
6021
6022
6023
6024
6027
6028
6029
6030
6034
6037
6038
6039
6040
6044
6046
6047
6048
6050
6052
6053
6055
6056
6057
6058
6060
6062
6064
6066
6067
6068
6069
6070
6071
6072
6073
6074
6075
6076
6077
6078
6079
6080
6081
6082
6083
6084
6085
6086
6087
6088
6089
6091
6092
6093
6095
6096
6097
6098
6099
6100
6101
6103
6104
6106
6109
6110
6111
6113
6114
6116
6117
6119
6120
6121
6122
6123
6124
6125
6127
6128
6129
6130
6131
6132
6133
6135
6136
6139
6145
6147
6148
6149
6150
6154
6155
6159
6163
6164
6169
6170
6173
6174
6176
6178
6180
6182
6183
6184
6186
6187
6188
6190
6191
6194
6195
6196
6198
6199
6205
6206
6207
6210
6212
6213
6214
6216
6217
6218
6220
6221
6222
6224
6226
6228
6233
6235
6237
6238
6240
6242
6244
6245
6246
6247
6250
6251
6252
6254
6256
6260
6261
6266
6267
6268
6269
6271
6272
6273
6274
6276
6277
6280
6281
6283
6286
6287
6288
6289
6292
6296
6297
6298
6299
6300
6301
6303
6306
6307
6308
6311
6312
6313
6315
6316
6317
6318
6319
6324
6325
6327
6332
6333
6334
6335
6336
6338
6339
6340
6342
6343
6344
6345
6346
6351
6352
6353
6354
6356
6357
6360
6362
6366
6368
6369
6371
6372
6373
6374
6375
6378
6379
6382
6383
6385
6386
6388
6389
6390
6391
6392
6393
6396
6398
6401
6402
6404
6406
6408
6409
6410
6413
6415
6416
6417
6418
6419
6420
6421
6423
6427
6430
6431
6432
6435
6436
6437
6438
6439
6442
6445
6446
6447
6448
6449
6451
6452
6454
6457
6458
6460
6461
6463
6465
6467
6468
6469
6470
6471
6473
6475
6478
6479
6482
6486
6488
6489
6490
6491
6492
6493
6494
6495
6499
6502
6506
6507
6508
6509
6510
6511
6514
6516
6521
6523
6525
6526
6527
6528
6529
6531
6533
6536
6539
6541
6542
6543
6545
6547
6550
6552
6553
6555
6556
6557
6558
6561
6562
6564
6565
6566
6567
6568
6569
6571
6572
6574
6575
6578
6579
6580
6581
6582
6586
6587
6588
6590
6591
6593
6594
6595
6601
6602
6603
6604
6605
6606
6607
6608
6609
6611
6612
6614
6617
6618
6619
6620
6621
6622
6623
6624
6625
6626
6628
6629
6630
6631
6633
6634
6636
6638
6641
6642
6643
6648
6649
6650
6652
6653
6654
6656
6657
6659
6660
6661
6662
6663
6664
6667
6669
6671
6673
6674
6676
6677
6680
6681
6683
6684
6687
6689
6690
6692
6693
6695
6697
6698
6699
6700
6702
6704
6707
6708
6711
6715
6717
6718
6720
6721
6723
6724
6728
6729
6730
6733
6734
6735
6736
6737
6738
6739
6740
6741
6742
6745
6746
6747
6749
6751
6755
6757
6759
6760
6761
6762
6765
6767
6769
6771
6773
6775
6776
6777
6778
6780
6781
6783
6784
6785
6787
6789
6790
6791
6794
6795
6796
6797
6805
6807
6811
6813
6814
6817
6821
6822
6823
6824
6825
6826
6829
6832
6835
6836
6839
6840
6841
6847
6849
6854
6855
6856
6857
6858
6859
6860
6861
6862
6865
6866
6867
6869
6870
6871
6872
6874
6875
6878
6879
6880
6881
6882
6884
6885
6886
6888
6889
6893
6894
6896
6897
6901
6902
6903
6905
6907
6908
6909
6910
6912
6913
6914
6917
6919
6920
6922
6923
6927
6929
6930
6931
6932
6933
6934
6936
6939
6940
6941
6944
6945
6947
6949
6950
6951
6952
6953
6956
6957
6958
6960
6961
6962
6963
6964
6968
6970
6972
6975
6977
6979
6980
6981
6982
6984
6985
6986
6988
6989
6990
6992
6995
6998
6999
7000
7001
7002
7005
7006
7008
7009
7010
7013
7014
7015
7017
7018
7019
7021
7022
7023
7024
7027
7029
7030
7034
7035
7038
7040
7041
7042
7044
7045
7048
7049
7050
7051
7052
7053
7054
7055
7056
7059
7060
7061
7062
7066
7067
7068
7071
7073
7074
7075
7078
7080
7081
7082
7084
7085
7087
7090
7094
7095
7097
7098
7099
7100
7101
7102
7104
7105
7106
7107
7108
7110
7112
7113
7120
7121
7122
7123
7126
7127
7128
7130
7132
7133
7134
7135
7136
7137
7138
7139
7140
7142
7143
7144
7148
7152
7155
7156
7157
7162
7163
7164
7166
7170
7171
7172
7174
7175
7176
7177
7180
7182
7183
7184
7186
7189
7190
7191
7192
7194
7195
7196
7197
7198
7199
7201
7203
7205
7209
7210
7213
7214
7215
7216
7217
7219
7220
7222
7223
7224
7225
7226
7228
7230
7233
7237
7239
7240
7242
7246
7247
7251
7253
7254
7255
7256
7257
7258
7264
7266
7267
7269
7270
7272
7274
7275
7276
7277
7278
7279
7280
7281
7282
7283
7284
7285
7287
7291
7293
7295
7296
7297
7299
7300
7301
7303
7306
7307
7309
7310
7311
7313
7314
7315
7317
7318
7319
7322
7324
7325
7328
7330
7331
7333
7334
7336
7337
7341
7343
7344
7345
7347
7349
7351
7352
7353
7355
7356
7357
7358
7359
7360
7362
7365
7366
7367
7368
7371
7372
7374
7376
7377
7379
7380
7382
7384
7385
7386
7394
7395
7396
7400
7402
7404
7405
7406
7407
7408
7409
7410
7412
7413
7415
7416
7417
7418
7421
7422
7424
7426
7427
7430
7433
7435
7441
7447
7455
7457
7460
7461
7462
7463
7464
7465
7467
7470
7471
7472
7474
7477
7479
7480
7482
7484
7485
7486
7487
7489
7490
7494
7495
7497
7499
7500
7502
7503
7504
7505
7506
7507
7508
7509
7510
7515
7516
7517
7518
7519
7522
7524
7525
7526
7527
7528
7531
7535
7538
7539
7540
7541
7543
7544
7545
7547
7548
7549
7550
7551
7552
7553
7557
7558
7559
7560
7561
7563
7564
7566
7567
7570
7571
7572
7573
7574
7575
7576
7577
7579
7580
7582
7583
7584
7585
7586
7587
7588
7589
7591
7593
7594
7595
7596
7597
7600
