1
2
5
6
8
11
13
14
15
17
19
22
25
27
29
30
31
33
34
35
36
37
39
40
42
44
45
48
50
51
52
54
56
57
58
59
63
65
66
68
69
72
73
74
76
77
81
82
83
84
85
86
89
91
92
93
94
96
99
100
101
104
105
106
107
108
109
110
111
113
114
117
119
120
121
122
123
125
127
128
130
132
133
134
137
139
140
141
143
144
145
151
153
155
156
158
159
161
162
165
166
167
168
169
170
172
176
177
178
179
181
182
183
185
189
190
191
193
194
195
197
198
199
201
202
204
205
208
209
210
213
215
218
222
223
224
227
229
230
231
233
234
238
239
241
242
243
245
246
247
249
250
251
252
253
254
257
258
259
260
261
262
263
265
266
269
272
273
274
276
277
280
281
287
288
290
292
294
295
296
297
298
299
302
306
309
310
311
312
315
317
320
321
322
324
327
328
331
333
337
338
339
341
343
345
346
348
349
350
352
353
354
355
356
357
359
360
362
363
366
367
368
370
371
373
374
375
377
379
382
384
385
386
388
389
390
393
396
397
398
399
401
402
403
406
407
408
409
410
414
418
422
423
424
425
426
427
428
429
431
433
434
435
436
437
438
439
440
446
447
448
449
450
452
453
454
455
456
457
458
459
463
464
465
467
468
470
471
472
473
476
477
478
479
481
482
485
487
488
489
492
494
495
496
498
499
501
503
504
506
507
508
510
513
515
520
522
523
525
526
528
530
532
533
534
535
536
538
539
540
541
543
546
547
548
550
551
552
553
554
555
556
557
558
559
560
561
562
563
564
565
566
567
571
572
573
576
577
578
581
582
583
584
585
586
587
590
591
593
594
596
598
599
602
603
604
605
607
609
610
611
612
613
615
616
618
619
620
624
629
630
631
633
636
641
643
646
648
649
650
651
654
655
656
658
659
660
661
664
667
669
670
671
673
676
679
680
681
682
683
686
687
688
689
691
693
694
695
697
698
699
700
702
703
704
705
706
709
710
711
713
715
716
717
718
719
722
723
725
726
727
728
730
732
733
736
737
738
742
743
745
746
748
749
752
753
754
755
756
757
758
760
763
764
765
766
767
768
769
770
771
772
773
774
775
776
779
780
781
784
785
789
790
791
795
797
799
801
802
803
804
806
811
813
814
815
816
818
819
821
823
824
825
827
829
830
833
836
837
842
845
848
849
852
856
857
860
862
867
869
871
872
874
875
876
877
879
881
883
885
887
890
892
897
899
902
903
904
906
907
908
910
911
912
913
914
915
916
917
918
919
920
921
923
924
925
926
930
931
932
933
934
936
938
939
941
943
945
947
948
949
950
953
956
957
958
959
961
962
964
965
966
967
969
970
972
979
980
981
982
983
985
987
988
993
994
995
996
999
1004
1005
1006
1008
1009
1010
1013
1019
1020
1021
1023
1024
1027
1028
1029
1032
1033
1034
1035
1036
1037
1040
1044
1045
1046
1047
1048
1052
1053
1054
1055
1058
1060
1061
1063
1064
1065
1066
1068
1069
1071
1073
1075
1078
1082
1085
1086
1087
1091
1092
1093
1094
1095
1098
1099
1100
1101
1102
1103
1104
1105
1106
1107
1108
1109
1112
1114
1115
1116
1118
1120
1121
1122
1123
1124
1126
1129
1130
1132
1134
1135
1137
1138
1139
1141
1142
1143
1145
1146
1147
1149
1151
1155
1156
1158
1164
1167
1170
1171
1173
1174
1176
1178
1180
1182
1186
1189
1190
1191
1194
1195
1196
1197
1200
1202
1203
1204
1206
1207
1208
1209
1210
1211
1212
1213
1215
1216
1217
1218
1219
1220
1224
1226
1227
1228
1229
1230
1234
1235
1236
1237
1238
1240
1241
1242
1243
1244
1247
1251
1252
1254
1255
1259
1260
1261
1262
1263
1264
1265
1266
1267
1268
1269
1270
1273
1275
1276
1278
1279
1281
1282
1283
1284
1285
1286
1287
1288
1292
1293
1296
1298
1299
1301
1302
1305
1306
1309
1311
1312
1313
1314
1315
1316
1317
1319
1320
1324
1330
1332
1334
1335
1336
1337
1338
1339
1340
1341
1342
1343
1344
1345
1346
1349
1351
1354
1355
1356
1357
1358
1359
1360
1361
1362
1363
1364
1365
1366
1368
1369
1370
1372
1377
1380
1383
1387
1389
1390
1393
1394
1396
1397
1398
1399
1401
1403
1404
1405
1409
1411
1412
1413
1414
1417
1418
1419
1420
1422
1423
1425
1426
1427
1429
1430
1432
1434
1435
1436
1438
1439
1442
1444
1446
1447
1448
1449
1450
1451
1453
1454
1455
1460
1461
1462
1463
1464
1468
1469
1471
1472
1475
1476
1477
1479
1481
1487
1488
1490
1492
1493
1495
1497
1499
1500
1501
1503
1504
1505
1506
1507
1508
1509
1510
1511
1513
1514
1515
1516
1517
1520
1521
1524
1525
1526
1528
1529
1530
1533
1534
1535
1536
1537
1538
1539
1540
1542
1543
1544
1548
1549
1554
1556
1557
1559
1561
1562
1563
1564
1566
1568
1569
1570
1571
1572
1574
1579
1580
1581
1582
1583
1584
1586
1587
1588
1589
1592
1594
1595
1596
1597
1599
1604
1605
1606
1607
1611
1612
1614
1615
1616
1617
1619
1620
1621
1622
1625
1626
1627
1630
1632
1633
1635
1636
1638
1639
1640
1641
1643
1644
1645
1647
1648
1649
1650
1651
1652
1653
1654
1655
1656
1660
1663
1666
1667
1668
1670
1671
1673
1678
1681
1682
1683
1684
1687
1690
1691
1692
1693
1695
1696
1697
1698
1700
1703
1704
1705
1706
1707
1708
1709
1710
1711
1712
1713
1714
1715
1716
1718
1722
1724
1725
1727
1730
1733
1735
1736
1737
1738
1740
1741
1742
1745
1751
1755
1758
1759
1760
1761
1762
1763
1764
1766
1767
1768
1769
1770
1772
1773
1774
1775
1778
1779
1780
1782
1785
1786
1787
1788
1792
1793
1794
1795
1797
1799
1802
1804
1806
1807
1811
1812
1816
1817
1818
1823
1824
1825
1826
1830
1831
1832
1833
1834
1835
1836
1837
1838
1841
1843
1845
1846
1847
1849
1850
1851
1853
1855
1856
1857
1860
1862
1863
1865
1866
1872
1873
1874
1875
1876
1877
1883
1884
1885
1890
1894
1897
1898
1901
1902
1904
1907
1908
1909
1910
1911
1912
1913
1914
1915
1916
1918
1919
1921
1922
1923
1924
1925
1926
1927
1928
1929
1930
1931
1934
1937
1941
1942
1943
1944
1945
1946
1948
1949
1951
1955
1956
1958
1960
1961
1962
1964
1968
1969
1970
1971
1972
1973
1974
1976
1978
1979
1980
1982
1986
1987
1990
1991
1993
1996
1997
2000
2002
2003
2005
2006
2007
2008
2009
2010
2014
2015
2016
2017
2018
2019
2020
2021
2022
2025
2027
2028
2030
2032
2033
2034
2039
2042
2043
2044
2046
2047
2051
2052
2055
2058
2061
2063
2064
2066
2069
2072
2073
2076
2077
2080
2081
2082
2087
2088
2091
2092
2093
2094
2095
2096
2099
2100
2102
2103
2104
2105
2106
2108
2113
2114
2115
2116
2117
2118
2123
2124
2125
2127
2130
2132
2133
2134
2136
2138
2142
2143
2144
2146
2149
2151
2153
2155
2156
2158
2159
2161
2163
2164
2165
2166
2168
2169
2171
2172
2173
2174
2175
2176
2178
2179
2180
2182
2186
2187
2188
2190
2192
2195
2197
2198
2200
2201
2202
2203
2204
2205
2206
2207
2208
2209
2210
2211
2212
2213
2214
2215
2216
2217
2219
2220
2222
2223
2224
2225
2227
2229
2230
2231
2232
2233
2234
2235
2236
2237
2239
2241
2242
2243
2244
2245
2246
2247
2248
2250
2253
2255
2256
2258
2259
2260
2262
2263
2267
2268
2269
2271
2272
2273
2275
2276
2277
2279
2282
2284
2287
2291
2294
2296
2297
2298
2299
2300
2301
2303
2305
2308
2311
2314
2315
2317
2318
2319
2325
2326
2328
2329
2330
2332
2334
2337
2342
2346
2347
2348
2350
2352
2353
2354
2356
2357
2359
2360
2366
2367
2369
2370
2371
2373
2377
2378
2383
2384
2387
2388
2391
2394
2395
2396
2397
2399
2402
2403
2405
2407
2410
2411
2413
2415
2416
2418
2420
2421
2422
2426
2427
2428
2430
2431
2432
2434
2435
2437
2439
2440
2441
2442
2445
2446
2447
2449
2450
2451
2453
2456
2457
2462
2463
2464
2465
2466
2467
2469
2470
2474
2475
2477
2478
2480
2481
2483
2484
2486
2487
2488
2489
2490
2492
2496
2497
2499
2502
2503
2504
2505
2506
2509
2510
2511
2514
2516
2519
2520
2521
2524
2527
2535
2537
2538
2539
2540
2541
2542
2543
2544
2549
2552
2554
2555
2556
2558
2559
2563
2564
2565
2567
2568
2570
2571
2572
2573
2574
2576
2577
2578
2579
2581
2582
2584
2585
2586
2587
2588
2589
2591
2592
2593
2597
2599
2600
2602
2603
2604
2605
2608
2613
2614
2616
2621
2623
2626
2627
2631
2632
2633
2635
2636
2637
2638
2640
2641
2642
2643
2645
2646
2647
2648
2649
2651
2652
2657
2658
2659
2663
2664
2666
2667
2668
2670
2671
2673
2674
2676
2677
2679
2680
2682
2685
2686
2689
2690
2691
2693
2694
2698
2699
2701
2702
2704
2706
2711
2712
2721
2722
2723
2724
2725
2726
2729
2730
2735
2737
2739
2741
2742
2743
2746
2747
2748
2749
2750
2751
2752
2753
2755
2757
2759
2760
2761
2762
2763
2764
2766
2769
2770
2771
2774
2776
2777
2779
2780
2784
2785
2788
2789
2791
2792
2793
2794
2796
2800
2801
2802
2804
2806
2808
2809
2810
2811
2814
2816
2817
2818
2819
2823
2824
2825
2831
2832
2833
2834
2835
2836
2837
2838
2840
2841
2844
2845
2846
2851
2852
2856
2857
2858
2859
2860
2862
2867
2868
2869
2871
2872
2873
2874
2875
2876
2878
2880
2881
2885
2886
2891
2892
2893
2896
2899
2900
2904
2905
2907
2908
2909
2910
2911
2913
2914
2916
2920
2921
2922
2923
2924
2925
2926
2928
2930
2931
2935
2937
2939
2941
2944
2947
2948
2951
2952
2954
2955
2956
2962
2963
2964
2965
2966
2967
2969
2972
2973
2974
2975
2977
2980
2981
2983
2985
2986
2987
2988
2989
2992
2993
2994
2995
2999
3000
3004
3005
3006
3007
3008
3009
3010
3012
3014
3015
3017
3022
3023
3024
3026
3028
3029
3031
3032
3033
3035
3036
3039
3040
3042
3045
3046
3047
3048
3049
3051
3052
3053
3054
3055
3057
3058
3059
3061
3062
3064
3065
3067
3068
3069
3070
3071
3072
3073
3074
3076
3077
3078
3079
3081
3082
3083
3086
3088
3089
3090
3091
3092
3093
3094
3096
3097
3098
3100
3101
3102
3105
3106
3107
3108
3111
3113
3114
3115
3116
3119
3120
3121
3122
3123
3124
3126
3128
3129
3132
3133
3135
3136
3138
3139
3140
3141
3142
3144
3145
3146
3147
3148
3149
3151
3152
3153
3155
3156
3157
3159
3160
3163
3164
3167
3168
3170
3171
3172
3174
3176
3177
3178
3180
3182
3183
3186
3188
3191
3193
3194
3195
3196
3197
3198
3201
3203
3204
3205
3207
3208
3210
3211
3213
3214
3215
3217
3219
3221
3224
3226
3227
3228
3230
3231
3233
3235
3236
3237
3238
3239
3241
3243
3244
3247
3248
3251
3253
3254
3255
3258
3261
3262
3263
3269
3270
3272
3273
3275
3277
3278
3279
3282
3284
3287
3288
3290
3294
3295
3297
3298
3300
3301
3302
3304
3305
3310
3313
3315
3316
3317
3318
3319
3320
3328
3329
3330
3332
3334
3336
3338
3339
3340
3344
3345
3348
3349
3352
3353
3355
3357
3359
3362
3365
3366
3367
3368
3370
3371
3374
3376
3378
3380
3381
3385
3388
3390
3392
3394
3395
3396
3398
3399
3400
3403
3404
3405
3406
3409
3410
3411
3412
3413
3415
3416
3417
3426
3427
3428
3429
3430
3431
3432
3433
3434
3435
3438
3439
3440
3441
3444
3445
3447
3448
3449
3452
3454
3455
3456
3457
3459
3461
3463
3464
3467
3468
3471
3472
3473
3474
3476
3477
3478
3480
3481
3483
3485
3486
3489
3494
3495
3498
3501
3503
3505
3509
3510
3513
3520
3521
3522
3523
3528
3531
3532
3533
3535
3536
3537
3538
3539
3540
3541
3542
3543
3545
3546
3547
3548
3551
3552
3553
3555
3556
3560
3561
3563
3565
3568
3569
3570
3571
3574
3577
3581
3582
3583
3585
3586
3588
3589
3590
3591
3594
3595
3596
3597
3598
3599
3600
3603
3604
3605
3608
3609
3612
3615
3616
3617
3619
3625
3626
3627
3629
3632
3635
3636
3638
3640
3642
3645
3646
3649
3650
3651
3655
3656
3658
3659
3660
3661
3665
3666
3669
3670
3671
3673
3675
3679
3683
3686
3687
3688
3689
3690
3691
3692
3693
3698
3699
3701
3702
3703
3708
3710
3712
3713
3715
3717
3718
3719
3723
3724
3725
3727
3728
3729
3730
3731
3732
3733
3735
3736
3738
3739
3741
3743
3744
3746
3747
3749
3754
3756
3757
3758
3760
3762
3766
3768
3770
3772
3773
3776
3777
3778
3781
3782
3783
3784
3785
3787
3788
3789
3790
3791
3795
3797
3798
3799
3800
3801
3803
3804
3806
3807
3808
3809
3810
3811
3812
3813
3814
3816
3817
3818
3819
3820
3822
3823
3824
3825
3826
3829
3830
3831
3832
3837
3841
3842
3843
3844
3845
3847
3850
3851
3852
3853
3854
3855
3856
3857
3858
3859
3860
3861
3865
3866
3867
3868
3869
3870
3871
3872
3874
3877
3879
3880
3883
3885
3886
3887
3891
3892
3893
3896
3897
3899
3901
3902
3903
3904
3905
3906
3908
3910
3912
3914
3915
3918
3920
3921
3923
3924
3925
3926
3928
3930
3931
3932
3933
3935
3937
3938
3940
3941
3946
3948
3949
3950
3951
3953
3954
3955
3956
3957
3958
3959
3960
3961
3962
3965
3967
3968
3970
3971
3972
3973
3974
3976
3977
3981
3982
3985
3986
3987
3988
3989
3990
3991
3992
3993
3995
3996
3997
3998
4000
4001
4004
4005
4007
4011
4012
4015
4016
4017
4018
4019
4021
4022
4023
4024
4026
4027
4028
4029
4030
4032
4033
4034
4035
4038
4039
4040
4046
4049
4051
4052
4054
4055
4056
4057
4058
4059
4060
4061
4062
4063
4065
4066
4067
4069
4071
4072
4073
4076
4077
4078
4080
4082
4084
4085
4086
4090
4093
4095
4096
4097
4098
4101
4102
4103
4104
4105
4106
4107
4110
4111
4113
4114
4116
4117
4118
4119
4121
4123
4127
4130
4133
4134
4138
4141
4142
4143
4145
4147
4153
4156
4157
4158
4159
4162
4163
4164
4165
4167
4170
4171
4173
4174
4175
4180
4181
4182
4186
4188
4189
4191
4192
4193
4194
4195
4197
4198
4201
4202
4206
4207
4209
4210
4211
4212
4213
4216
4218
4219
4222
4224
4225
4228
4229
4230
4231
4232
4233
4234
4235
4236
4238
4239
4240
4241
4243
4244
4245
4246
4248
4251
4252
4253
4254
4255
4256
4257
4259
4260
4261
4262
4263
4264
4268
4270
4271
4272
4273
4275
4279
4280
4281
4282
4283
4284
4287
4289
4290
4291
4292
4293
4296
4300
4305
4306
4308
4309
4312
4313
4315
4316
4317
4318
4320
4323
4324
4325
4326
4331
4332
4335
4337
4338
4340
4341
4342
4343
4344
4345
4346
4350
4352
4353
4354
4356
4357
4358
4363
4365
4368
4370
4371
4374
4375
4376
4378
4379
4382
4384
4385
4387
4389
4390
4392
4393
4394
4395
4396
4397
4398
4399
4400
4402
4403
4404
4406
4408
4410
4413
4417
4418
4419
4421
4427
4428
4432
4433
4435
4437
4440
4441
4444
4450
4452
4454
4455
4456
4458
4460
4461
4464
4467
4471
4474
4476
4478
4479
4480
4482
4483
4484
4485
4487
4488
4489
4490
4492
4493
4494
4495
4499
4500
4502
4504
4506
4507
4508
4510
4513
4516
4517
4518
4519
4520
4522
4523
4524
4527
4528
4530
4533
4535
4536
4537
4538
4541
4542
4545
4547
4550
4551
4555
4557
4562
4563
4564
4565
4567
4568
4569
4571
4573
4575
4576
4579
4580
4582
4583
4584
4585
4589
4590
4594
4595
4596
4599
4600
4601
4602
4603
4604
4605
4606
4607
4608
4609
4611
4612
4613
4616
4617
4618
4619
4620
4624
4625
4627
4631
4632
4634
4635
4637
4639
4640
4641
4642
4646
4648
4649
4650
4652
4655
4657
4658
4660
4665
4666
4669
4670
4671
4672
4675
4677
4678
4679
4683
4684
4685
4686
4687
4691
4692
4693
4694
4695
4698
4699
4700
4701
4702
4703
4706
4708
4709
4710
4711
4712
4713
4714
4715
4716
4717
4718
4719
4720
4721
4722
4723
4724
4725
4726
4728
4729
4730
4731
4736
4737
4739
4740
4741
4742
4743
4744
4745
4746
4747
4749
4750
4751
4753
4755
4756
4757
4758
4760
4762
4763
4764
4766
4768
4770
4772
4773
4774
4775
4777
4779
4780
4784
4786
4788
4789
4793
4794
4795
4798
4799
4800
4802
4804
4806
4807
4808
4809
4810
4811
4812
4814
4815
4816
4818
4820
4821
4822
4823
4824
4825
4826
4827
4828
4834
4836
4837
4838
4842
4843
4844
4845
4847
4848
4851
4853
4854
4858
4860
4861
4862
4864
4865
4866
4867
4868
4869
4871
4872
4874
4876
4877
4878
4879
4881
4882
4883
4884
4885
4886
4888
4890
4891
4892
4893
4894
4895
4896
4899
4900
4902
4904
4906
4907
4909
4910
4912
4914
4915
4917
4920
4921
4923
4924
4925
4926
4929
4930
4931
4932
4935
4936
4937
4938
4939
4940
4942
4943
4944
4945
4946
4947
4948
4952
4953
4954
4955
4956
4957
4959
4960
4961
4963
4964
4965
4966
4969
4970
4971
4972
4973
4974
4975
4976
4978
4979
4981
4983
4985
4986
4989
4991
4993
4996
4998
4999
5000
5004
5005
5006
5007
5008
5011
5014
5016
5018
5019
5021
5023
5024
5025
5026
5027
5028
5030
5032
5036
5039
5041
5044
5045
5046
5048
5049
5050
5051
5054
5056
5058
5060
5064
5065
5067
5068
5070
5072
5073
5074
5075
5076
5077
5079
5081
5083
5084
5085
5086
5091
5092
5093
5095
5096
5097
5098
5099
5101
5102
5105
5106
5107
5108
5109
5112
5113
5117
5118
5119
5120
5121
5122
5123
5124
5127
5130
5131
5132
5133
5134
5135
5136
5138
5140
5141
5142
5143
5144
5145
5147
5148
5149
5150
5152
5153
5154
5160
5161
5162
5164
5166
5167
5169
5172
5173
5174
5176
5177
5181
5183
5184
5186
5187
5188
5189
5190
5191
5193
5194
5195
5196
5197
5198
5199
5200
5201
5202
5204
5206
5207
5208
5210
5211
5213
5214
5215
5216
5219
5220
5221
5222
5223
5226
5229
5230
5233
5237
5238
5239
5240
5241
5246
5248
5251
5253
5254
5256
5259
5260
5261
5262
5263
5265
5266
5267
5269
5273
5274
5278
5280
5283
5286
5287
5288
5291
5293
5294
5295
5296
5297
5298
5301
5304
5306
5307
5308
5309
5312
5314
5316
5317
5318
5319
5320
5321
5322
5324
5325
5330
5331
5333
5334
5336
5337
5338
5339
5343
5346
5352
5354
5356
5357
5358
5359
5360
5361
5363
5364
5367
5369
5370
5371
5374
5375
5376
5378
5379
5382
5383
5385
5388
5389
5390
5392
5393
5398
5401
5402
5405
5406
5407
5408
5409
5411
5412
5413
5415
5416
5417
5419
5420
5423
5426
5428
5429
5430
5431
5433
5434
5441
5443
5444
5445
5446
5447
5449
5451
5452
5453
5455
5460
5461
5462
5463
5464
5465
5466
5467
5470
5473
5474
5475
5476
5477
5478
5480
5481
5482
5483
5485
5486
5491
5492
5495
5496
5497
5498
5499
5500
5501
5503
5505
5507
5509
5511
5512
5514
5517
5518
5520
5521
5522
5524
5525
5527
5529
5530
5532
5533
5534
5535
5536
5538
5539
5542
5543
5544
5545
5548
5550
5551
5552
5553
5555
5556
5560
5562
5564
5565
5566
5568
5569
5571
5572
5573
5578
5579
5580
5582
5584
5585
5587
5588
5591
5595
5596
5597
5600
5601
5603
5605
5606
5607
5608
5609
5610
5611
5614
5616
5617
5618
5619
5620
5621
5622
5628
5629
5630
5632
5634
5635
5636
5638
5639
5640
5641
5642
5643
5644
5645
5646
5647
5648
5649
5650
5651
5652
5655
5656
5658
5661
5662
5664
5665
5666
5668
5670
5672
5673
5676
5677
5678
5679
5680
5684
5686
5688
5692
5693
5694
5698
5699
5700
5704
5705
5706
5707
5712
5713
5715
5717
5718
5719
5724
5725
5726
5728
5729
5730
5732
5733
5734
5736
5737
5738
5740
5741
5742
5743
5744
5748
5750
5751
5756
5758
5761
5762
5764
5765
5766
5769
5770
5771
5773
5774
5779
5780
5781
5785
5786
5788
5790
5791
5794
5796
5798
5799
5800
5801
5805
5807
5809
5810
5811
5813
5814
5816
5817
5818
5819
5821
5822
5823
5824
5826
5828
5829
5830
5831
5833
5834
5836
5837
5838
5839
5840
5841
5842
5843
5847
5848
5850
5851
5852
5854
5857
5858
5862
5863
5866
5867
5870
5871
5872
5875
5878
5879
5887
5888
5890
5892
5896
5898
5899
5900
5901
5903
5904
5905
5908
5910
5911
5912
5914
5915
5916
5917
5919
5920
5921
5922
5923
5924
5925
5927
5928
5930
5934
5935
5936
5937
5938
5939
5940
5941
5942
5943
5949
5950
5952
5953
5954
5955
5956
5958
5960
5961
5965
5966
5967
5968
5969
5970
5971
5973
5974
5975
5976
5977
5979
5982
5983
5984
5985
5988
5993
5996
5998
5999
6000
6001
6003
6005
6007
6008
6009
6013
6016
6017
6018
6020
6021
6022
6024
6028
6029
6030
6031
6033
6034
6035
6036
6037
6038
6041
6045
6048
6051
6053
6054
6057
6058
6059
6060
6061
6065
6069
6072
6077
6081
6082
6083
6084
6085
6086
6087
6089
6091
6092
6094
6096
6098
6100
6101
6102
6103
6104
6106
6108
6109
6110
6111
6114
6115
6117
6120
6121
6122
6123
6124
6125
6128
6130
6131
6132
6133
6134
6135
6136
6137
6138
6139
6140
6141
6142
6143
6144
6145
6146
6147
6148
6149
6150
6151
6155
6156
6159
6160
6161
6162
6164
6165
6166
6168
6169
6170
6172
6174
6176
6177
6178
6179
6180
6182
6184
6186
6187
6188
6191
6192
6195
6197
6201
6204
6206
6210
6211
6212
6213
6214
6215
6221
6223
6226
6227
6228
6229
6232
6234
6236
6237
6238
6240
6241
6242
6243
6244
6246
6250
6251
6254
6255
6256
6257
6258
6262
6263
6264
6265
6266
6267
6269
6270
6273
6274
6277
6279
6282
6285
6286
6288
6289
6292
6293
6294
6295
6296
6297
6298
6299
6301
6302
6303
6304
6309
6313
6314
6315
6316
6317
6318
6321
6327
6332
6333
6338
6339
6340
6343
6344
6345
6346
6347
6348
6351
6353
6356
6357
6358
6359
6360
6361
6362
6363
6364
6368
6369
6370
6372
6374
6375
6376
6377
6378
6379
6381
6385
6386
6389
6393
6394
6395
6396
6397
6398
6400
6401
6404
6408
6409
6411
6412
6414
6415
6416
6424
6425
6426
6429
6430
6431
6432
6433
6435
6436
6437
6439
6441
6442
6445
6446
6447
6450
6452
6456
6457
6459
6461
6462
6463
6464
6465
6466
6468
6469
6470
6471
6472
6474
6477
6479
6480
6482
6485
6487
6488
6490
6491
6493
6496
6498
6499
6501
6502
6503
6505
6506
6508
6509
6512
6514
6515
6516
6517
6518
6521
6525
6528
6530
6532
6535
6536
6538
6541
6542
6543
6544
6545
6546
6547
6548
6549
6550
6553
6555
6556
6558
6559
6560
6562
6564
6567
6568
6570
6571
6572
6574
6577
6578
6580
6585
6587
6589
6590
6591
6593
6595
6597
6598
6599
6601
6603
6605
6606
6607
6608
6611
6612
6618
6620
6621
6622
6623
6624
6631
6635
6641
6642
6643
6644
6646
6647
6648
6650
6651
6657
6658
6661
6662
6663
6665
6666
6667
6668
6669
6671
6673
6674
6677
6678
6679
6680
6685
6686
6688
6689
6690
6691
6692
6693
6695
6699
6701
6702
6704
6705
6706
6707
6708
6709
6710
6712
6714
6716
6717
6719
6722
6723
6724
6727
6728
6729
6731
6732
6733
6735
6736
6737
6740
6741
6743
6744
6745
6746
6747
6748
6749
6750
6751
6755
6761
6763
6765
6767
6768
6769
6770
6772
6773
6774
6776
6778
6782
6783
6784
6785
6788
6790
6792
6794
6795
6797
6799
6804
6805
6806
6807
6808
6810
6812
6813
6817
6818
6821
6823
6824
6825
6826
6830
6832
6833
6834
6836
6837
6839
6842
6843
6844
6846
6847
6848
6850
6851
6852
6854
6855
6857
6859
6861
6862
6863
6865
6867
6868
6869
6870
6872
6873
6874
6876
6877
6879
6880
6881
6883
6884
6885
6889
6890
6891
6892
6893
6896
6897
6898
6902
6904
6905
6906
6908
6910
6912
6914
6915
6916
6921
6922
6926
6927
6928
6930
6931
6932
6933
6934
6935
6939
6941
6943
6944
6945
6949
6951
6955
6957
6959
6960
6961
6963
6964
6967
6970
6971
6972
6973
6974
6977
6978
6981
6983
6984
6987
6988
6989
6994
6997
7000
7001
7003
7004
7008
7009
7010
7011
7013
7015
7016
7017
7020
7021
7022
7023
7024
7025
7028
7029
7030
7031
7034
7035
7037
7038
7039
7040
7042
7043
7044
7045
7047
7049
7050
7051
7054
7055
7056
7057
7058
7059
7060
7061
7062
7066
7069
7071
7072
7074
7076
7077
7078
7079
7080
7081
7084
7085
7086
7087
7088
7089
7091
7092
7093
7094
7097
7098
7099
7100
7102
7103
7105
7106
7107
7110
7111
7112
7113
7114
7117
7118
7122
7123
7125
7126
7127
7128
7133
7134
7135
7136
7137
7138
7141
7144
7145
7146
7147
7149
7150
7152
7153
7154
7157
7159
7160
7161
7163
7164
7167
7168
7170
7171
7174
7177
7179
7180
7183
7186
7187
7188
7193
7197
7198
7199
7200
7201
7202
7204
7205
7206
7208
7210
7211
7212
7214
7216
7217
7218
7219
7220
7223
7224
7226
7227
7228
7229
7231
7232
7235
7239
7241
7242
7244
7246
7247
7248
7251
7252
7254
7255
7256
7258
7259
7260
7261
7263
7264
7265
7266
7267
7269
7271
7272
7275
7276
7277
7278
7279
7280
7281
7282
7283
7284
7285
7290
7293
7294
7295
7296
7297
7298
7300
7301
7302
7303
7304
7305
7306
7309
7311
7313
7316
7318
7320
7326
7327
7328
7329
7333
7336
7337
7340
7341
7342
7343
7344
7345
7346
7347
7349
7351
7353
7354
7358
7359
7360
7363
7364
7365
7367
7369
7371
7372
7376
7379
7381
7383
7385
7386
7387
7390
7392
7395
7396
7397
7398
7399
7400
7402
7406
7410
7411
7413
7414
7415
7418
7419
7420
7421
7423
7424
7425
7427
7429
7431
7432
7434
7436
7437
7438
7443
7449
7450
7451
7453
7455
7456
7457
7458
7459
7460
7461
7462
7464
7465
7466
7470
7471
7472
7474
7477
7478
7482
7483
7485
7486
7487
7488
7489
7490
7492
7493
7494
7495
7497
7498
7499
7502
7503
7508
7509
7510
7512
7514
7515
7517
7518
7520
7522
7523
7525
7526
7529
7532
7536
7537
7540
7542
7543
7544
7548
7550
7551
7554
7555
7556
7557
7558
7559
7560
7561
7562
7564
7565
7566
7569
7570
7571
7572
7576
7577
7578
7580
7581
7585
7586
7587
7593
7594
7595
7596
7597
7598
7600
