1
12
13
14
15
17
21
22
24
26
30
31
32
33
35
36
37
39
40
44
45
46
47
48
51
52
54
55
56
57
58
59
60
61
62
64
67
68
69
70
71
73
77
78
79
80
84
85
87
90
93
96
99
100
101
104
108
109
110
112
115
116
119
120
122
125
127
131
133
134
135
138
139
140
142
144
145
146
147
153
154
155
157
159
161
162
165
166
168
169
171
173
174
175
181
183
191
192
193
194
195
196
197
198
200
201
202
203
204
205
206
207
208
209
210
211
212
216
219
221
222
223
226
227
228
231
232
234
239
240
247
250
251
254
256
259
260
261
262
263
264
267
268
269
270
271
272
275
276
278
280
283
284
287
289
291
292
293
294
295
296
297
299
302
304
305
306
307
308
311
312
313
314
315
316
320
322
324
325
328
329
331
332
333
335
336
337
338
339
341
343
346
347
348
350
351
352
353
354
355
356
357
359
360
362
363
364
365
366
367
368
369
370
373
374
376
377
378
379
380
382
383
386
387
388
393
394
395
397
398
399
400
401
403
406
407
408
409
410
411
412
415
416
418
419
420
422
423
424
425
427
429
430
432
433
434
436
438
439
444
445
446
451
452
453
454
455
457
459
464
465
467
470
471
473
474
480
482
483
487
489
490
492
494
497
498
499
500
502
504
506
507
511
513
514
515
516
517
519
522
524
525
526
527
528
530
532
533
534
535
536
537
539
540
541
544
545
546
547
548
551
553
555
556
557
558
559
560
562
563
564
565
566
567
569
571
572
573
576
578
579
582
583
584
585
588
592
593
595
597
598
600
604
605
606
608
609
610
612
615
616
618
619
620
621
622
624
626
627
628
630
632
633
634
635
636
637
638
639
640
642
643
644
645
648
649
650
651
652
653
654
655
659
662
663
665
666
668
669
670
671
672
673
674
676
677
679
680
681
682
686
687
692
694
695
697
700
703
705
706
708
710
711
713
714
715
717
718
719
720
721
722
724
725
726
728
731
734
735
736
738
739
740
741
744
746
749
750
751
752
753
754
763
766
768
769
770
771
772
773
774
775
776
779
780
781
783
786
787
789
792
795
796
797
798
800
805
806
810
815
816
817
818
819
820
821
823
825
826
827
828
829
831
833
834
836
837
838
840
841
842
843
844
845
846
847
848
849
850
851
852
853
854
855
859
865
866
868
873
874
879
881
882
885
888
890
891
892
893
894
897
898
899
900
903
904
906
909
910
913
914
917
918
919
920
923
924
925
926
928
930
931
936
938
939
940
941
942
943
944
946
947
951
952
953
958
959
960
962
964
968
969
970
971
972
974
977
978
980
983
984
985
986
987
988
989
992
994
995
996
997
999
1001
1002
1003
1005
1006
1008
1010
1012
1013
1014
1015
1016
1017
1019
1020
1021
1023
1025
1027
1028
1029
1030
1032
1033
1035
1036
1038
1040
1043
1044
1045
1046
1048
1049
1050
1053
1054
1056
1057
1059
1060
1062
1063
1065
1068
1069
1072
1075
1076
1077
1081
1082
1083
1084
1085
1086
1089
1090
1091
1092
1093
1094
1095
1096
1097
1098
1101
1104
1105
1106
1108
1110
1113
1115
1116
1117
1118
1119
1121
1122
1123
1124
1125
1127
1130
1133
1135
1136
1141
1143
1144
1147
1148
1152
1154
1155
1157
1158
1159
1160
1161
1162
1163
1168
1169
1170
1175
1177
1179
1180
1181
1182
1183
1184
1185
1186
1187
1188
1189
1192
1193
1195
1196
1200
1201
1202
1204
1206
1208
1209
1210
1212
1213
1215
1216
1217
1221
1222
1224
1225
1227
1228
1229
1233
1235
1237
1240
1241
1242
1243
1244
1245
1246
1248
1249
1251
1253
1256
1257
1258
1263
1266
1268
1269
1270
1272
1274
1275
1276
1277
1278
1281
1283
1284
1285
1286
1290
1292
1295
1296
1299
1302
1303
1304
1305
1306
1310
1311
1312
1313
1314
1315
1316
1319
1320
1321
1324
1325
1330
1331
1336
1338
1339
1343
1344
1345
1348
1349
1351
1352
1353
1354
1355
1356
1357
1358
1359
1364
1365
1369
1370
1371
1372
1374
1375
1376
1379
1380
1381
1382
1383
1384
1385
1386
1387
1389
1391
1393
1394
1395
1398
1399
1401
1403
1405
1409
1410
1412
1413
1414
1415
1416
1418
1419
1420
1421
1422
1423
1424
1426
1427
1428
1429
1430
1431
1432
1434
1439
1440
1441
1443
1445
1446
1447
1449
1450
1452
1453
1454
1455
1459
1461
1462
1463
1464
1465
1466
1468
1471
1473
1474
1475
1477
1478
1479
1480
1481
1482
1483
1484
1485
1486
1487
1488
1489
1491
1493
1494
1497
1499
1500
1501
1503
1506
1507
1509
1510
1512
1513
1514
1515
1516
1517
1519
1522
1524
1527
1528
1529
1531
1532
1536
1538
1540
1541
1544
1546
1547
1548
1549
1552
1553
1554
1555
1557
1558
1559
1560
1564
1565
1567
1568
1570
1571
1572
1574
1575
1577
1578
1579
1580
1582
1583
1585
1590
1595
1598
1600
1601
1602
1603
1604
1605
1606
1607
1608
1611
1612
1614
1615
1617
1619
1620
1621
1625
1631
1632
1633
1634
1636
1638
1639
1640
1641
1642
1643
1644
1647
1648
1649
1652
1653
1656
1657
1660
1661
1662
1663
1664
1665
1666
1667
1668
1669
1670
1674
1677
1678
1679
1680
1689
1691
1692
1694
1697
1699
1700
1701
1702
1705
1706
1707
1712
1713
1714
1715
1717
1718
1719
1723
1724
1725
1726
1727
1728
1729
1732
1735
1736
1737
1738
1739
1743
1745
1747
1748
1750
1752
1754
1758
1759
1765
1766
1767
1768
1769
1770
1771
1772
1773
1774
1775
1776
1777
1778
1781
1784
1787
1788
1789
1791
1792
1794
1795
1799
1801
1802
1803
1804
1805
1806
1811
1812
1813
1815
1817
1821
1822
1823
1824
1825
1826
1827
1830
1831
1832
1833
1834
1835
1840
1841
1842
1843
1844
1846
1848
1851
1852
1853
1854
1855
1856
1860
1862
1863
1864
1865
1866
1868
1869
1870
1871
1872
1873
1875
1878
1879
1880
1881
1883
1885
1886
1887
1888
1890
1891
1893
1894
1895
1896
1897
1902
1903
1904
1905
1906
1907
1910
1912
1913
1915
1917
1921
1923
1924
1925
1926
1928
1930
1934
1936
1937
1938
1944
1945
1946
1947
1948
1952
1953
1954
1957
1960
1961
1962
1963
1964
1965
1970
1972
1974
1975
1976
1978
1979
1981
1982
1983
1984
1985
1986
1987
1989
1996
1999
2001
2002
2003
2004
2005
2012
2014
2015
2016
2018
2020
2022
2023
2025
2026
2027
2028
2029
2030
2032
2033
2035
2036
2037
2038
2039
2040
2041
2042
2043
2045
2046
2047
2048
2049
2050
2052
2053
2054
2057
2058
2061
2063
2064
2065
2066
2069
2070
2071
2073
2074
2075
2076
2077
2078
2079
2080
2085
2086
2087
2088
2089
2090
2092
2093
2094
2098
2099
2101
2102
2105
2107
2108
2109
2110
2112
2113
2114
2116
2118
2120
2121
2122
2124
2127
2128
2132
2134
2135
2137
2140
2141
2142
2143
2144
2146
2150
2151
2154
2155
2157
2158
2159
2160
2161
2162
2163
2166
2167
2169
2170
2173
2174
2175
2177
2178
2179
2181
2182
2184
2185
2188
2190
2192
2198
2199
2200
2201
2202
2204
2206
2209
2210
2213
2215
2218
2219
2221
2224
2225
2226
2228
2229
2231
2234
2235
2236
2237
2238
2240
2241
2242
2243
2245
2247
2248
2250
2251
2252
2254
2256
2257
2258
2260
2265
2267
2269
2270
2273
2275
2277
2279
2282
2287
2288
2290
2293
2294
2295
2299
2301
2302
2303
2305
2307
2310
2313
2314
2320
2322
2324
2328
2329
2332
2334
2336
2337
2339
2340
2341
2342
2343
2344
2346
2349
2351
2352
2353
2354
2356
2358
2359
2362
2363
2365
2366
2367
2368
2369
2370
2372
2373
2375
2376
2377
2382
2383
2386
2387
2390
2391
2392
2393
2394
2395
2396
2399
2400
2401
2402
2405
2407
2409
2410
2411
2412
2413
2414
2416
2418
2419
2422
2423
2424
2425
2426
2427
2428
2431
2432
2433
2434
2437
2439
2440
2441
2442
2443
2444
2445
2446
2447
2449
2451
2452
2454
2456
2457
2458
2459
2463
2465
2466
2467
2469
2471
2473
2474
2475
2476
2477
2478
2482
2485
2487
2490
2491
2493
2496
2498
2500
2501
2502
2505
2506
2507
2508
2509
2510
2512
2515
2517
2518
2519
2520
2521
2522
2524
2528
2529
2530
2534
2535
2536
2537
2540
2543
2546
2547
2548
2549
2550
2551
2552
2557
2558
2559
2561
2563
2564
2566
2568
2569
2570
2571
2572
2575
2577
2578
2580
2581
2584
2585
2586
2587
2588
2589
2591
2593
2594
2596
2598
2599
2600
2601
2604
2609
2610
2611
2612
2614
2616
2617
2619
2620
2621
2622
2624
2625
2626
2627
2629
2631
2632
2633
2638
2640
2644
2645
2649
2650
2651
2653
2654
2655
2658
2662
2664
2667
2668
2669
2671
2673
2674
2675
2676
2677
2678
2682
2683
2686
2689
2690
2691
2692
2694
2695
2696
2697
2699
2700
2705
2708
2712
2714
2716
2717
2718
2721
2722
2723
2724
2725
2726
2727
2728
2731
2733
2736
2738
2739
2740
2741
2743
2744
2745
2746
2748
2749
2750
2752
2754
2755
2756
2757
2758
2759
2760
2762
2763
2764
2765
2766
2767
2768
2769
2772
2774
2775
2776
2777
2778
2779
2780
2783
2784
2785
2786
2787
2789
2790
2791
2793
2794
2797
2798
2800
2802
2803
2804
2805
2807
2808
2809
2810
2811
2813
2816
2819
2820
2822
2826
2827
2828
2829
2830
2831
2832
2833
2836
2838
2839
2840
2844
2845
2846
2851
2853
2854
2855
2856
2859
2860
2862
2863
2864
2866
2868
2870
2871
2872
2873
2874
2878
2882
2884
2887
2888
2892
2894
2895
2896
2897
2898
2900
2901
2902
2903
2904
2905
2906
2908
2909
2910
2911
2912
2913
2914
2915
2916
2917
2918
2919
2920
2921
2922
2924
2925
2926
2927
2928
2930
2931
2932
2935
2936
2939
2942
2943
2946
2948
2949
2951
2952
2955
2956
2957
2959
2961
2966
2967
2969
2971
2972
2977
2978
2979
2980
2981
2983
2985
2986
2987
2989
2990
2991
2993
2995
2996
2998
2999
3002
3004
3005
3007
3008
3010
3011
3014
3016
3017
3019
3021
3022
3023
3024
3025
3026
3027
3029
3030
3031
3032
3033
3034
3035
3038
3041
3043
3044
3046
3048
3052
3054
3055
3059
3060
3061
3063
3064
3065
3068
3070
3075
3076
3077
3079
3080
3081
3083
3085
3086
3087
3089
3092
3093
3096
3098
3102
3103
3104
3106
3107
3108
3109
3111
3112
3114
3115
3116
3117
3119
3120
3121
3122
3124
3126
3127
3129
3131
3132
3134
3138
3140
3142
3143
3144
3145
3150
3151
3152
3153
3154
3156
3162
3163
3164
3166
3167
3168
3169
3170
3171
3172
3173
3175
3178
3179
3180
3182
3183
3184
3187
3188
3191
3192
3193
3195
3196
3199
3201
3202
3203
3204
3206
3207
3209
3210
3211
3213
3214
3215
3216
3217
3219
3221
3222
3223
3225
3226
3227
3229
3231
3232
3235
3236
3237
3238
3245
3247
3249
3251
3253
3254
3255
3256
3257
3258
3259
3260
3261
3263
3264
3265
3266
3269
3271
3273
3275
3276
3279
3280
3281
3282
3283
3285
3286
3287
3290
3292
3293
3294
3296
3297
3299
3300
3301
3302
3303
3304
3305
3306
3307
3308
3310
3311
3317
3320
3321
3324
3326
3327
3328
3329
3331
3333
3336
3337
3339
3340
3343
3344
3345
3347
3348
3349
3350
3352
3353
3355
3356
3357
3358
3360
3361
3362
3365
3366
3367
3368
3369
3371
3373
3374
3376
3377
3379
3380
3381
3383
3384
3385
3386
3387
3388
3389
3390
3391
3393
3396
3397
3400
3402
3403
3404
3405
3406
3411
3412
3413
3414
3415
3416
3418
3419
3420
3422
3423
3424
3426
3427
3428
3429
3431
3432
3435
3438
3439
3441
3442
3444
3447
3448
3451
3455
3459
3462
3464
3467
3468
3469
3470
3473
3474
3476
3477
3478
3481
3483
3485
3486
3487
3489
3491
3492
3494
3495
3497
3498
3499
3500
3501
3502
3508
3509
3511
3512
3514
3515
3516
3517
3518
3520
3521
3522
3524
3526
3528
3530
3531
3532
3533
3538
3539
3541
3542
3543
3546
3548
3549
3551
3552
3553
3556
3557
3559
3561
3563
3565
3566
3567
3568
3569
3571
3574
3575
3576
3577
3581
3585
3586
3587
3589
3590
3593
3594
3596
3597
3598
3599
3600
3601
3603
3605
3607
3610
3611
3614
3615
3616
3617
3618
3619
3620
3621
3624
3627
3628
3630
3632
3633
3634
3635
3636
3637
3638
3639
3640
3642
3645
3646
3647
3649
3650
3651
3654
3655
3656
3657
3658
3659
3660
3661
3662
3664
3665
3666
3667
3669
3670
3672
3675
3676
3677
3679
3680
3681
3684
3685
3686
3687
3688
3689
3691
3692
3693
3694
3695
3696
3699
3700
3701
3702
3704
3705
3706
3707
3712
3714
3715
3718
3719
3720
3721
3722
3723
3726
3727
3728
3729
3731
3733
3734
3737
3738
3741
3742
3744
3745
3746
3747
3748
3749
3750
3752
3753
3754
3755
3756
3757
3758
3759
3761
3762
3764
3765
3767
3768
3770
3771
3772
3777
3781
3782
3784
3786
3790
3791
3792
3794
3798
3800
3801
3803
3805
3806
3807
3808
3810
3811
3814
3815
3817
3818
3819
3821
3825
3826
3830
3831
3832
3833
3834
3835
3836
3838
3840
3842
3843
3844
3847
3850
3851
3853
3854
3855
3856
3857
3861
3862
3863
3865
3866
3867
3869
3870
3872
3873
3874
3875
3878
3883
3884
3886
3887
3888
3889
3890
3892
3893
3894
3895
3896
3897
3898
3899
3901
3903
3906
3907
3909
3910
3911
3912
3916
3918
3920
3921
3927
3928
3929
3930
3931
3932
3933
3934
3935
3936
3937
3938
3944
3947
3951
3952
3954
3956
3959
3960
3961
3962
3963
3964
3965
3966
3968
3971
3972
3974
3976
3977
3979
3980
3982
3984
3986
3988
3990
3991
3993
3995
3996
3997
3999
4000
4001
4002
4003
4006
4007
4008
4011
4012
4013
4015
4016
4017
4019
4020
4022
4023
4025
4027
4028
4029
4032
4033
4036
4040
4042
4043
4044
4045
4046
4047
4048
4049
4051
4052
4053
4054
4055
4057
4058
4061
4062
4063
4064
4066
4068
4072
4073
4074
4075
4076
4078
4079
4080
4082
4083
4085
4086
4087
4088
4089
4090
4091
4092
4093
4095
4096
4098
4099
4101
4102
4103
4107
4108
4109
4111
4112
4113
4114
4115
4116
4118
4119
4120
4121
4124
4125
4126
4128
4131
4132
4133
4134
4135
4137
4139
4140
4144
4145
4146
4147
4148
4149
4152
4154
4155
4156
4157
4158
4160
4162
4164
4165
4166
4167
4168
4169
4171
4172
4173
4174
4175
4177
4178
4181
4182
4183
4184
4185
4187
4189
4190
4194
4195
4196
4198
4199
4200
4201
4203
4204
4205
4206
4207
4208
4209
4210
4211
4213
4217
4218
4219
4221
4222
4223
4224
4225
4226
4228
4229
4231
4232
4234
4236
4239
4241
4245
4246
4247
4249
4250
4251
4256
4257
4258
4259
4262
4265
4267
4268
4270
4271
4273
4274
4276
4277
4280
4281
4282
4283
4284
4286
4288
4289
4290
4291
4292
4293
4296
4297
4298
4300
4302
4303
4305
4307
4308
4309
4311
4314
4315
4316
4319
4320
4321
4322
4324
4326
4328
4329
4330
4331
4332
4335
4336
4337
4338
4340
4341
4344
4345
4347
4348
4349
4351
4352
4354
4355
4357
4359
4361
4363
4365
4366
4367
4369
4370
4372
4373
4374
4376
4378
4379
4381
4383
4384
4385
4386
4388
4390
4391
4392
4393
4394
4395
4397
4400
4403
4404
4406
4407
4408
4410
4411
4412
4415
4416
4417
4418
4420
4421
4425
4426
4427
4430
4431
4433
4435
4438
4441
4442
4443
4445
4446
4448
4449
4453
4455
4456
4458
4461
4462
4464
4465
4466
4467
4471
4472
4474
4475
4476
4479
4480
4481
4484
4485
4486
4487
4488
4491
4497
4499
4501
4505
4511
4512
4513
4515
4516
4517
4522
4523
4529
4532
4533
4534
4535
4536
4537
4539
4540
4543
4546
4547
4549
4550
4551
4552
4554
4557
4561
4562
4563
4565
4566
4568
4572
4573
4574
4578
4579
4581
4582
4584
4586
4587
4588
4589
4590
4592
4595
4599
4600
4601
4602
4604
4605
4606
4608
4611
4615
4616
4619
4627
4629
4630
4631
4632
4636
4637
4640
4641
4643
4646
4649
4650
4651
4653
4654
4658
4661
4662
4663
4664
4665
4667
4668
4673
4674
4676
4677
4680
4681
4682
4683
4685
4687
4688
4689
4691
4692
4695
4697
4701
4703
4705
4707
4710
4711
4713
4714
4715
4716
4718
4719
4721
4723
4725
4727
4729
4730
4732
4734
4735
4739
4740
4742
4743
4744
4745
4746
4747
4748
4750
4751
4753
4755
4756
4757
4758
4759
4761
4768
4769
4771
4774
4775
4776
4779
4781
4782
4783
4785
4786
4787
4791
4792
4793
4795
4797
4798
4801
4802
4803
4804
4806
4807
4812
4813
4814
4816
4819
4820
4821
4822
4823
4826
4827
4828
4829
4830
4831
4833
4834
4835
4836
4837
4838
4842
4843
4845
4847
4849
4850
4852
4853
4854
4855
4861
4862
4863
4865
4866
4870
4871
4872
4874
4877
4881
4883
4885
4886
4887
4889
4890
4891
4894
4895
4896
4897
4898
4899
4903
4907
4908
4909
4911
4913
4915
4920
4921
4922
4923
4924
4925
4926
4927
4928
4931
4932
4933
4935
4936
4941
4943
4944
4945
4947
4953
4954
4955
4957
4958
4960
4961
4965
4967
4968
4970
4971
4972
4973
4975
4977
4978
4979
4983
4984
4986
4988
4989
4990
4991
4993
4997
5000
5002
5003
5004
5005
5007
5009
5012
5014
5015
5016
5017
5019
5021
5023
5024
5025
5030
5031
5032
5033
5035
5038
5040
5041
5043
5044
5046
5047
5048
5049
5050
5052
5054
5056
5058
5061
5062
5063
5064
5065
5068
5069
5071
5072
5073
5075
5078
5080
5081
5083
5084
5085
5088
5090
5091
5094
5095
5098
5099
5100
5101
5102
5103
5104
5105
5106
5107
5108
5109
5110
5111
5112
5114
5115
5117
5118
5122
5124
5125
5129
5130
5132
5133
5134
5135
5137
5138
5141
5144
5145
5146
5149
5151
5152
5154
5155
5156
5157
5158
5159
5160
5163
5165
5166
5167
5169
5171
5174
5176
5177
5178
5181
5182
5184
5191
5193
5196
5197
5199
5200
5205
5206
5207
5209
5210
5212
5213
5217
5218
5219
5227
5228
5229
5230
5231
5233
5235
5237
5240
5241
5242
5244
5246
5247
5249
5250
5251
5252
5253
5255
5258
5259
5261
5262
5264
5271
5273
5274
5277
5278
5282
5283
5287
5288
5289
5290
5292
5293
5294
5296
5297
5298
5299
5300
5302
5303
5308
5309
5310
5311
5313
5314
5315
5320
5324
5326
5329
5331
5333
5335
5336
5337
5339
5340
5342
5346
5348
5349
5350
5351
5352
5353
5358
5359
5361
5364
5365
5366
5367
5369
5370
5371
5372
5373
5375
5376
5377
5378
5379
5382
5384
5386
5389
5391
5392
5393
5394
5395
5396
5397
5398
5399
5401
5402
5404
5408
5411
5412
5413
5414
5415
5418
5419
5421
5422
5425
5426
5427
5428
5429
5430
5431
5433
5435
5439
5440
5441
5442
5443
5444
5448
5449
5450
5451
5454
5455
5456
5458
5459
5462
5463
5464
5467
5469
5470
5472
5476
5477
5478
5480
5481
5485
5487
5489
5490
5491
5492
5493
5494
5495
5496
5497
5499
5502
5503
5504
5507
5508
5509
5510
5511
5514
5515
5516
5517
5518
5520
5521
5522
5523
5524
5525
5526
5529
5530
5531
5532
5533
5535
5536
5537
5538
5539
5540
5543
5544
5545
5547
5548
5549
5550
5552
5553
5554
5555
5556
5558
5559
5561
5564
5566
5568
5569
5571
5572
5575
5576
5577
5578
5580
5581
5584
5586
5587
5589
5590
5591
5592
5594
5595
5596
5597
5598
5599
5601
5602
5604
5605
5606
5608
5609
5613
5614
5615
5617
5618
5621
5625
5626
5627
5629
5630
5634
5636
5638
5639
5640
5641
5644
5645
5647
5649
5651
5654
5655
5657
5658
5659
5660
5661
5662
5666
5669
5670
5671
5675
5676
5677
5678
5679
5682
5683
5684
5686
5687
5688
5690
5691
5692
5693
5697
5699
5700
5701
5702
5704
5708
5709
5711
5712
5714
5716
5719
5720
5722
5723
5724
5725
5726
5727
5728
5731
5735
5738
5739
5740
5742
5743
5745
5746
5748
5750
5758
5759
5761
5764
5765
5767
5768
5769
5770
5771
5772
5773
5774
5775
5777
5778
5783
5785
5786
5789
5791
5792
5794
5795
5796
5797
5798
5799
5800
5801
5803
5809
5811
5812
5817
5820
5822
5824
5825
5828
5829
5830
5831
5832
5833
5834
5835
5837
5838
5839
5840
5843
5844
5845
5849
5850
5852
5853
5857
5858
5861
5864
5865
5866
5873
5874
5875
5876
5878
5879
5880
5881
5883
5887
5888
5891
5892
5893
5894
5895
5896
5899
5901
5902
5903
5904
5906
5907
5908
5911
5912
5916
5917
5918
5919
5922
5924
5926
5928
5929
5931
5932
5933
5934
5936
5937
5938
5939
5940
5942
5943
5944
5948
5951
5952
5953
5963
5964
5966
5967
5969
5970
5971
5972
5974
5975
5982
5984
5986
5987
5988
5989
5993
5994
5996
5997
5998
5999
6001
6002
6003
6005
6008
6010
6011
6012
6013
6014
6016
6017
6019
6020
6021
6024
6026
6029
6030
6034
6035
6036
6038
6039
6040
6041
6045
6046
6047
6049
6051
6053
6057
6058
6059
6060
6061
6064
6067
6068
6069
6071
6072
6073
6074
6076
6078
6080
6081
6082
6084
6088
6091
6092
6094
6095
6099
6100
6101
6103
6106
6107
6108
6110
6111
6112
6114
6115
6117
6118
6121
6122
6126
6130
6131
6132
6134
6135
6137
6138
6140
6141
6146
6147
6148
6149
6152
6154
6155
6156
6157
6159
6160
6162
6163
6164
6165
6166
6167
6168
6169
6172
6173
6175
6176
6177
6179
6180
6181
6182
6185
6186
6187
6188
6189
6190
6192
6193
6194
6195
6200
6201
6203
6205
6206
6207
6208
6210
6211
6213
6214
6215
6216
6217
6219
6223
6224
6226
6228
6231
6234
6235
6236
6237
6238
6239
6241
6243
6248
6250
6253
6254
6257
6259
6260
6262
6266
6267
6270
6271
6273
6275
6276
6278
6279
6280
6281
6285
6286
6287
6289
6291
6292
6295
6298
6300
6303
6304
6305
6307
6308
6312
6317
6319
6321
6322
6323
6324
6328
6331
6334
6337
6338
6341
6342
6344
6347
6350
6351
6352
6354
6355
6356
6357
6360
6361
6362
6364
6365
6366
6367
6369
6372
6373
6375
6376
6377
6378
6379
6380
6381
6382
6383
6384
6387
6389
6390
6391
6392
6393
6395
6397
6399
6403
6404
6405
6406
6408
6409
6410
6411
6412
6413
6414
6416
6420
6422
6423
6428
6429
6430
6431
6432
6433
6435
6436
6437
6438
6439
6440
6441
6442
6444
6446
6449
6450
6451
6452
6453
6454
6455
6457
6458
6461
6464
6465
6466
6468
6469
6470
6473
6474
6475
6477
6479
6482
6483
6485
6486
6487
6488
6489
6491
6495
6497
6499
6500
6501
6502
6503
6505
6506
6509
6510
6512
6514
6516
6518
6519
6520
6521
6522
6524
6526
6527
6528
6530
6531
6532
6533
6534
6535
6538
6540
6545
6546
6549
6551
6552
6554
6558
6562
6563
6564
6565
6566
6568
6569
6573
6574
6575
6577
6578
6580
6581
6582
6586
6587
6589
6592
6594
6595
6596
6598
6601
6603
6604
6605
6608
6609
6610
6611
6614
6615
6616
6617
6618
6619
6620
6621
6622
6623
6624
6628
6629
6630
6635
6636
6638
6639
6640
6644
6645
6647
6649
6652
6655
6656
6657
6660
6661
6662
6664
6666
6671
6672
6673
6677
6678
6680
6681
6683
6684
6685
6686
6687
6688
6691
6693
6694
6695
6696
6698
6700
6703
6705
6707
6708
6710
6711
6712
6713
6714
6716
6717
6718
6719
6720
6721
6722
6726
6727
6728
6729
6731
6733
6734
6736
6737
6738
6739
6741
6742
6743
6745
6747
6751
6753
6755
6760
6761
6763
6764
6765
6766
6767
6769
6772
6775
6776
6777
6778
6779
6780
6781
6782
6783
6786
6788
6789
6790
6792
6794
6795
6796
6797
6800
6801
6804
6805
6806
6808
6809
6811
6813
6814
6817
6818
6819
6820
6821
6823
6824
6826
6828
6831
6833
6836
6838
6839
6840
6843
6844
6845
6846
6848
6851
6852
6853
6856
6857
6860
6861
6862
6864
6867
6868
6870
6872
6875
6879
6880
6881
6886
6887
6888
6889
6890
6892
6893
6896
6897
6898
6899
6901
6903
6904
6905
6907
6909
6912
6913
6916
6917
6918
6919
6920
6921
6922
6928
6930
6931
6932
6937
6938
6941
6942
6944
6945
6946
6947
6949
6955
6959
6962
6963
6964
6965
6968
6971
6972
6973
6974
6975
6977
6978
6980
6982
6983
6984
6987
6988
6989
6990
6992
7001
7002
7007
7008
7012
7014
7016
7017
7019
7021
7022
7027
7028
7030
7031
7033
7036
7038
7039
7041
7042
7043
7045
7048
7050
7052
7053
7054
7056
7057
7058
7059
7062
7063
7064
7066
7069
7070
7071
7072
7074
7075
7079
7080
7081
7082
7083
7084
7085
7086
7087
7088
7089
7091
7092
7094
7095
7098
7103
7105
7106
7107
7110
7111
7113
7114
7115
7116
7117
7118
7119
7120
7123
7125
7127
7130
7131
7133
7135
7136
7137
7139
7141
7143
7144
7145
7147
7149
7150
7152
7154
7156
7157
7158
7159
7160
7161
7162
7163
7164
7166
7170
7171
7172
7173
7174
7175
7176
7177
7178
7183
7186
7188
7190
7191
7193
7194
7195
7196
7197
7198
7200
7203
7206
7207
7208
7209
7214
7215
7216
7219
7222
7223
7225
7226
7228
7229
7230
7231
7232
7240
7241
7242
7243
7244
7245
7246
7247
7248
7249
7250
7251
7252
7253
7254
7255
7256
7257
7258
7259
7264
7265
7266
7267
7268
7270
7271
7275
7277
7279
7280
7282
7284
7286
7287
7288
7289
7291
7292
7293
7294
7296
7300
7303
7305
7307
7308
7309
7312
7313
7314
7316
7318
7319
7321
7323
7324
7327
7328
7329
7332
7334
7335
7336
7337
7340
7341
7343
7344
7345
7346
7348
7351
7353
7355
7356
7359
7361
7362
7363
7366
7367
7368
7374
7376
7378
7379
7385
7386
7387
7388
7389
7390
7391
7392
7393
7396
7397
7400
7401
7402
7403
7404
7408
7409
7410
7411
7413
7414
7416
7417
7418
7420
7421
7422
7423
7425
7426
7427
7428
7431
7434
7435
7438
7441
7442
7443
7446
7450
7453
7454
7456
7458
7459
7460
7461
7463
7465
7466
7467
7468
7469
7472
7475
7477
7479
7486
7487
7488
7489
7493
7497
7500
7501
7503
7505
7506
7507
7508
7512
7515
7516
7517
7518
7519
7520
7521
7522
7523
7524
7526
7528
7529
7530
7532
7534
7535
7537
7538
7539
7540
7542
7543
7544
7545
7546
7547
7548
7551
7552
7553
7557
7558
7559
7561
7563
7567
7569
7571
7575
7576
7579
7580
7582
7583
7584
7585
7586
7588
7589
7590
7591
7592
7594
7595
7597
7599
7600
